1 4.504E+23
2 3.206E+23
3 1.620E+23
4 7.636E+22
5 5.148E+22
6 2.911E+22
7 1.576E+22
8 8.297E+21
9 4.052E+21
10 1.604E+21
11 5.558E+20
12 1.881E+20
13 5.750E+19
14 2.960E+19
15 1.678E+19
16 1.030E+19
17 8.446E+18
18 6.847E+18
19 5.572E+18
20 4.773E+18
21 4.177E+18
22 3.730E+18
23 3.298E+18
24 3.073E+18
25 2.672E+18
26 2.368E+18
27 2.107E+18
28 1.880E+18
29 1.682E+18
30 1.504E+18
31 1.338E+18
32 1.174E+18
33 1.010E+18
34 8.429E+17
35 7.042E+17
36 6.396E+17
37 5.934E+17
38 5.425E+17
39 4.810E+17
40 4.272E+17
41 3.776E+17
42 3.334E+17
43 2.946E+17
44 2.602E+17
45 2.299E+17
46 2.035E+17
47 1.805E+17
48 1.606E+17
49 1.428E+17
50 1.270E+17
51 1.125E+17
52 9.980E+16
53 8.872E+16
54 7.898E+16
55 7.031E+16
56 6.250E+16
57 5.545E+16
58 4.911E+16
59 4.343E+16
60 3.835E+16
61 3.351E+16
62 2.884E+16
63 2.480E+16
64 2.129E+16
65 1.826E+16
66 1.561E+16
67 1.315E+16
68 1.108E+16
69 9.321E+15
70 7.775E+15
71 6.422E+15
72 5.250E+15
73 4.270E+15
74 3.470E+15
75 2.812E+15
76 2.249E+15
77 1.760E+15
78 1.378E+15
79 1.079E+15
80 8.431E+14
81 6.537E+14
82 5.066E+14
83 3.925E+14
84 3.040E+14
85 2.352E+14
86 1.816E+14
87 1.399E+14
88 1.077E+14
89 8.289E+13
90 6.373E+13
91 4.895E+13
92 3.740E+13
93 2.855E+13
94 2.184E+13
95 1.672E+13
96 1.284E+13
97 1.008E+13
98 7.925E+12
99 6.248E+12
99 6.148E+12
100 4.781E+12
101 3.723E+12
102 2.905E+12
103 2.273E+12
104 1.785E+12
105 1.403E+12
106 1.102E+12
107 8.649E+11
108 6.785E+11
109 5.328E+11
110 4.192E+11
111 3.307E+11
112 2.620E+11
113 2.088E+11
114 1.676E+11
115 1.356E+11
116 1.103E+11
117 9.041E+10
118 7.464E+10
119 6.210E+10
120 5.197E+10
121 4.366E+10
122 3.680E+10
123 3.115E+10
124 2.647E+10
125 2.258E+10
126 1.933E+10
127 1.661E+10
128 1.432E+10
129 1.239E+10
130 1.076E+10
131 9.359E+09
132 8.165E+09
133 7.141E+09
134 6.261E+09
135 5.503E+09
136 4.846E+09
137 4.276E+09
138 3.781E+09
139 3.350E+09
140 2.973E+09
141 2.643E+09
142 2.354E+09
143 2.100E+09
144 1.876E+09
145 1.679E+09
146 1.505E+09
147 1.350E+09
148 1.213E+09
149 1.092E+09
150 9.837E+08
151 8.873E+08
152 8.014E+08
153 7.246E+08
154 6.559E+08
155 5.944E+08
156 5.393E+08
157 4.897E+08
158 4.452E+08
159 4.051E+08
160 3.689E+08
161 3.363E+08
162 3.069E+08
163 2.802E+08
164 2.561E+08
165 2.343E+08
166 2.145E+08
167 1.965E+08
168 1.802E+08
169 1.654E+08
170 1.519E+08
171 1.396E+08
172 1.283E+08
173 1.181E+08
174 1.088E+08
175 1.002E+08
176 9.244E+07
177 8.529E+07
178 7.875E+07
179 7.276E+07
180 6.726E+07
181 6.221E+07
182 5.758E+07
183 5.332E+07
184 4.940E+07
185 4.580E+07
186 4.248E+07
187 3.942E+07
188 3.660E+07
189 3.401E+07
190 3.161E+07
191 2.939E+07
192 2.734E+07
193 2.545E+07
194 2.370E+07
195 2.208E+07
196 2.058E+07
197 1.919E+07
198 1.791E+07
199 1.671E+07
200 1.560E+07
201 1.458E+07
202 1.362E+07
203 1.273E+07
204 1.191E+07
205 1.114E+07
206 1.043E+07
207 9.762E+06
208 9.143E+06
209 8.567E+06
210 8.030E+06
211 7.529E+06
212 7.062E+06
213 6.626E+06
214 6.220E+06
215 5.840E+06
216 5.485E+06
217 5.153E+06
218 4.843E+06
219 4.553E+06
220 4.282E+06
221 4.028E+06
222 3.791E+06
223 3.568E+06
224 3.359E+06
225 3.164E+06
226 2.981E+06
227 2.809E+06
228 2.648E+06
229 2.497E+06
230 2.355E+06
231 2.221E+06
232 2.096E+06
233 1.979E+06
234 1.868E+06
235 1.764E+06
236 1.667E+06
237 1.575E+06
238 1.488E+06
239 1.407E+06
240 1.331E+06
241 1.259E+06
242 1.191E+06
243 1.127E+06
244 1.067E+06
245 1.010E+06
246 9.561E+05
247 9.056E+05
248 8.580E+05
249 8.130E+05
250 7.706E+05
251 7.305E+05
252 6.927E+05
253 6.569E+05
254 6.232E+05
255 5.913E+05
256 5.611E+05
257 5.326E+05
258 5.057E+05
259 4.802E+05
260 4.560E+05
261 4.332E+05
262 4.116E+05
263 3.911E+05
264 3.718E+05
265 3.534E+05
266 3.360E+05
267 3.195E+05
268 3.039E+05
269 2.891E+05
270 2.751E+05
271 2.618E+05
272 2.492E+05
273 2.372E+05
274 2.259E+05
275 2.151E+05
276 2.049E+05
277 1.952E+05
278 1.860E+05
279 1.772E+05
280 1.689E+05
281 1.610E+05
282 1.535E+05
283 1.464E+05
284 1.396E+05
285 1.331E+05
286 1.270E+05
287 1.212E+05
288 1.156E+05
289 1.104E+05
290 1.053E+05
291 1.006E+05
292 9.603E+04
293 9.170E+04
294 8.758E+04
295 8.366E+04
296 7.992E+04
297 7.636E+04
298 7.297E+04
299 6.974E+04
300 6.666E+04
301 6.372E+04
302 6.092E+04
303 5.826E+04
304 5.571E+04
305 5.328E+04
306 5.097E+04
307 4.876E+04
308 4.666E+04
309 4.465E+04
310 4.273E+04
311 4.090E+04
312 3.915E+04
313 3.748E+04
314 3.589E+04
315 3.437E+04
316 3.291E+04
317 3.152E+04
318 3.020E+04
319 2.893E+04
320 2.772E+04
321 2.656E+04
322 2.546E+04
323 2.440E+04
324 2.339E+04
325 2.242E+04
326 2.150E+04
327 2.062E+04
328 1.977E+04
329 1.896E+04
330 1.819E+04
331 1.745E+04
332 1.674E+04
333 1.606E+04
334 1.542E+04
335 1.479E+04
336 1.420E+04
337 1.363E+04
338 1.309E+04
339 1.256E+04
340 1.206E+04
341 1.158E+04
342 1.113E+04
343 1.069E+04
344 1.026E+04
345 9.861E+03
346 9.474E+03
347 9.103E+03
348 8.748E+03
349 8.407E+03
350 8.080E+03
351 7.767E+03
352 7.466E+03
353 7.178E+03
354 6.902E+03
355 6.637E+03
356 6.382E+03
357 6.138E+03
358 5.904E+03
359 5.679E+03
360 5.463E+03
361 5.256E+03
362 5.057E+03
363 4.866E+03
364 4.683E+03
365 4.507E+03
366 4.338E+03
367 4.176E+03
368 4.020E+03
369 3.870E+03
370 3.726E+03
371 3.588E+03
372 3.455E+03
373 3.327E+03
374 3.205E+03
375 3.087E+03
376 2.973E+03
377 2.864E+03
378 2.760E+03
379 2.659E+03
380 2.562E+03
381 2.469E+03
382 2.379E+03
383 2.293E+03
384 2.210E+03
385 2.131E+03
386 2.054E+03
387 1.980E+03
388 1.909E+03
389 1.841E+03
390 1.775E+03
391 1.712E+03
392 1.651E+03
393 1.593E+03
394 1.536E+03
395 1.482E+03
396 1.430E+03
397 1.379E+03
398 1.331E+03
399 1.284E+03
400 1.239E+03
401 1.196E+03
402 1.154E+03
403 1.114E+03
404 1.075E+03
405 1.038E+03
406 1.002E+03
407 9.670E+02
408 9.336E+02
409 9.015E+02
410 8.704E+02
411 8.406E+02
412 8.117E+02
413 7.840E+02
414 7.572E+02
415 7.314E+02
416 7.065E+02
417 6.825E+02
418 6.594E+02
419 6.371E+02
420 6.155E+02
421 5.948E+02
422 5.748E+02
423 5.554E+02
424 5.368E+02
425 5.188E+02
426 5.015E+02
427 4.848E+02
428 4.686E+02
429 4.531E+02
430 4.380E+02
431 4.235E+02
432 4.095E+02
433 3.960E+02
434 3.830E+02
435 3.704E+02
436 3.582E+02
437 3.465E+02
438 3.352E+02
439 3.242E+02
440 3.137E+02
441 3.034E+02
442 2.936E+02
443 2.841E+02
444 2.749E+02
445 2.660E+02
446 2.574E+02
447 2.492E+02
448 2.412E+02
449 2.334E+02
450 2.260E+02
451 2.187E+02
452 2.118E+02
453 2.050E+02
454 1.985E+02
455 1.922E+02
456 1.861E+02
457 1.802E+02
458 1.746E+02
459 1.691E+02
460 1.637E+02
461 1.586E+02
462 1.536E+02
463 1.488E+02
464 1.442E+02
465 1.397E+02
466 1.354E+02
467 1.312E+02
468 1.271E+02
469 1.232E+02
470 1.194E+02
471 1.157E+02
472 1.121E+02
473 1.087E+02
474 1.054E+02
475 1.021E+02
476 9.902E+01
477 9.600E+01
478 9.308E+01
479 9.026E+01
480 8.752E+01
481 8.487E+01
482 8.231E+01
483 7.983E+01
484 7.743E+01
485 7.510E+01
486 7.285E+01
487 7.067E+01
488 6.856E+01
489 6.652E+01
490 6.454E+01
491 6.262E+01
492 6.077E+01
493 5.897E+01
494 5.723E+01
495 5.554E+01
496 5.391E+01
497 5.232E+01
498 5.079E+01
499 4.930E+01
500 4.786E+01
501 4.647E+01
502 4.512E+01
503 4.381E+01
504 4.254E+01
505 4.131E+01
506 4.012E+01
507 3.896E+01
508 3.784E+01
509 3.675E+01
510 3.570E+01
511 3.468E+01
512 3.369E+01
513 3.273E+01
514 3.180E+01
515 3.090E+01
516 3.002E+01
517 2.917E+01
518 2.835E+01
519 2.755E+01
520 2.678E+01
521 2.603E+01
522 2.530E+01
523 2.459E+01
524 2.391E+01
525 2.324E+01
526 2.260E+01
527 2.197E+01
528 2.136E+01
529 2.077E+01
530 2.020E+01
531 1.965E+01
532 1.911E+01
533 1.858E+01
534 1.807E+01
535 1.758E+01
536 1.710E+01
537 1.664E+01
538 1.619E+01
539 1.575E+01
540 1.532E+01
541 1.491E+01
542 1.451E+01
543 1.412E+01
544 1.374E+01
545 1.338E+01
546 1.302E+01
547 1.267E+01
548 1.234E+01
549 1.201E+01
550 1.169E+01
551 1.138E+01
552 1.108E+01
553 1.079E+01
554 1.051E+01
555 1.023E+01
556 9.965E+00
557 9.705E+00
558 9.453E+00
559 9.207E+00
560 8.969E+00
561 8.737E+00
562 8.511E+00
563 8.292E+00
564 8.079E+00
565 7.872E+00
566 7.671E+00
567 7.475E+00
568 7.285E+00
569 7.100E+00
570 6.920E+00
571 6.745E+00
572 6.574E+00
573 6.409E+00
574 6.248E+00
575 6.091E+00
576 5.939E+00
577 5.790E+00
578 5.646E+00
579 5.506E+00
580 5.369E+00
581 5.236E+00
582 5.107E+00
583 4.981E+00
584 4.859E+00
585 4.740E+00
586 4.624E+00
587 4.511E+00
588 4.401E+00
589 4.295E+00
590 4.190E+00
591 4.089E+00
592 3.991E+00
593 3.894E+00
594 3.801E+00
595 3.710E+00
596 3.621E+00
597 3.535E+00
598 3.451E+00
599 3.369E+00
600 3.289E+00
601 3.212E+00
602 3.136E+00
603 3.062E+00
604 2.991E+00
605 2.921E+00
606 2.853E+00
607 2.786E+00
608 2.722E+00
609 2.659E+00
610 2.597E+00
611 2.538E+00
612 2.479E+00
613 2.422E+00
614 2.367E+00
615 2.313E+00
616 2.260E+00
617 2.209E+00
618 2.159E+00
619 2.110E+00
620 2.063E+00
621 2.017E+00
622 1.971E+00
623 1.927E+00
624 1.884E+00
625 1.843E+00
626 1.802E+00
627 1.762E+00
628 1.723E+00
629 1.685E+00
630 1.648E+00
631 1.612E+00
632 1.577E+00
633 1.542E+00
634 1.509E+00
635 1.476E+00
636 1.444E+00
637 1.413E+00
638 1.383E+00
639 1.353E+00
640 1.324E+00
641 1.296E+00
642 1.268E+00
643 1.242E+00
644 1.215E+00
645 1.190E+00
646 1.165E+00
647 1.140E+00
648 1.116E+00
649 1.093E+00
650 1.070E+00
651 1.048E+00
652 1.026E+00
653 1.005E+00
654 9.843E-01
655 9.641E-01
656 9.443E-01
657 9.250E-01
658 9.062E-01
659 8.877E-01
660 8.697E-01
661 8.521E-01
662 8.349E-01
663 8.181E-01
664 8.017E-01
665 7.857E-01
666 7.700E-01
667 7.547E-01
668 7.397E-01
669 7.250E-01
670 7.107E-01
671 6.967E-01
672 6.830E-01
673 6.696E-01
674 6.566E-01
675 6.438E-01
676 6.313E-01
677 6.190E-01
678 6.071E-01
679 5.954E-01
680 5.839E-01
681 5.727E-01
682 5.618E-01
683 5.511E-01
684 5.406E-01
685 5.303E-01
686 5.203E-01
687 5.104E-01
688 5.008E-01
689 4.914E-01
690 4.822E-01
691 4.732E-01
692 4.644E-01
693 4.558E-01
694 4.473E-01
695 4.390E-01
696 4.309E-01
697 4.230E-01
698 4.153E-01
699 4.077E-01
700 4.002E-01
701 3.929E-01
702 3.858E-01
703 3.788E-01
704 3.719E-01
705 3.652E-01
706 3.587E-01
707 3.522E-01
708 3.459E-01
709 3.398E-01
710 3.337E-01
711 3.278E-01
712 3.220E-01
713 3.163E-01
714 3.107E-01
715 3.052E-01
716 2.999E-01
717 2.946E-01
718 2.895E-01
719 2.844E-01
720 2.795E-01
721 2.747E-01
722 2.699E-01
723 2.653E-01
724 2.607E-01
725 2.562E-01
726 2.518E-01
727 2.475E-01
728 2.433E-01
729 2.392E-01
730 2.351E-01
731 2.312E-01
732 2.273E-01
733 2.234E-01
734 2.197E-01
735 2.160E-01
736 2.124E-01
737 2.089E-01
738 2.054E-01
739 2.020E-01
740 1.987E-01
741 1.954E-01
742 1.922E-01
743 1.890E-01
744 1.859E-01
745 1.829E-01
746 1.799E-01
747 1.770E-01
748 1.741E-01
749 1.713E-01
750 1.685E-01
751 1.658E-01
752 1.631E-01
753 1.605E-01
754 1.580E-01
755 1.554E-01
756 1.530E-01
757 1.505E-01
758 1.482E-01
759 1.458E-01
760 1.435E-01
761 1.413E-01
762 1.390E-01
763 1.369E-01
764 1.347E-01
765 1.326E-01
766 1.306E-01
767 1.285E-01
768 1.265E-01
769 1.246E-01
770 1.227E-01
771 1.208E-01
772 1.189E-01
773 1.171E-01
774 1.153E-01
775 1.136E-01
776 1.118E-01
777 1.101E-01
778 1.085E-01
779 1.068E-01
780 1.052E-01
781 1.037E-01
782 1.021E-01
783 1.006E-01
784 9.906E-02
785 9.759E-02
786 9.613E-02
787 9.471E-02
788 9.330E-02
789 9.192E-02
790 9.057E-02
791 8.924E-02
792 8.793E-02
793 8.664E-02
794 8.537E-02
795 8.413E-02
796 8.290E-02
797 8.170E-02
798 8.051E-02
799 7.935E-02
800 7.820E-02
801 7.707E-02
802 7.596E-02
803 7.487E-02
804 7.380E-02
805 7.274E-02
806 7.170E-02
807 7.068E-02
808 6.968E-02
809 6.869E-02
810 6.771E-02
811 6.676E-02
812 6.582E-02
813 6.489E-02
814 6.398E-02
815 6.308E-02
816 6.219E-02
817 6.132E-02
818 6.047E-02
819 5.963E-02
820 5.880E-02
821 5.798E-02
822 5.718E-02
823 5.639E-02
824 5.561E-02
825 5.484E-02
826 5.409E-02
827 5.335E-02
828 5.261E-02
829 5.189E-02
830 5.118E-02
831 5.049E-02
832 4.980E-02
833 4.912E-02
834 4.845E-02
835 4.780E-02
836 4.715E-02
837 4.651E-02
838 4.589E-02
839 4.527E-02
840 4.466E-02
841 4.406E-02
842 4.347E-02
843 4.289E-02
844 4.232E-02
845 4.175E-02
846 4.120E-02
847 4.065E-02
848 4.011E-02
849 3.958E-02
850 3.906E-02
851 3.854E-02
852 3.803E-02
853 3.753E-02
854 3.704E-02
855 3.655E-02
856 3.607E-02
857 3.560E-02
858 3.514E-02
859 3.468E-02
860 3.422E-02
861 3.378E-02
862 3.334E-02
863 3.291E-02
864 3.248E-02
865 3.206E-02
866 3.165E-02
867 3.124E-02
868 3.084E-02
869 3.044E-02
870 3.005E-02
871 2.966E-02
872 2.928E-02
873 2.891E-02
874 2.854E-02
875 2.818E-02
876 2.782E-02
877 2.746E-02
878 2.711E-02
879 2.677E-02
880 2.643E-02
881 2.610E-02
882 2.577E-02
883 2.544E-02
884 2.512E-02
885 2.481E-02
886 2.449E-02
887 2.419E-02
888 2.388E-02
889 2.359E-02
890 2.329E-02
891 2.300E-02
892 2.271E-02
893 2.243E-02
894 2.215E-02
895 2.188E-02
896 2.161E-02
897 2.134E-02
898 2.107E-02
899 2.081E-02
900 2.056E-02
901 2.030E-02
902 2.005E-02
903 1.981E-02
904 1.956E-02
905 1.932E-02
906 1.909E-02
907 1.885E-02
908 1.862E-02
909 1.840E-02
910 1.817E-02
911 1.795E-02
912 1.773E-02
913 1.752E-02
914 1.731E-02
915 1.710E-02
916 1.689E-02
917 1.669E-02
918 1.649E-02
919 1.629E-02
920 1.609E-02
921 1.590E-02
922 1.571E-02
923 1.552E-02
924 1.533E-02
925 1.515E-02
926 1.497E-02
927 1.479E-02
928 1.462E-02
929 1.444E-02
930 1.427E-02
931 1.410E-02
932 1.393E-02
933 1.377E-02
934 1.361E-02
935 1.345E-02
936 1.329E-02
937 1.313E-02
938 1.298E-02
939 1.282E-02
940 1.267E-02
941 1.253E-02
942 1.238E-02
943 1.223E-02
944 1.209E-02
945 1.195E-02
946 1.181E-02
947 1.167E-02
948 1.154E-02
949 1.141E-02
950 1.127E-02
951 1.114E-02
952 1.101E-02
953 1.089E-02
954 1.076E-02
955 1.064E-02
956 1.052E-02
957 1.040E-02
958 1.028E-02
959 1.016E-02
960 1.004E-02
961 9.928E-03
962 9.814E-03
963 9.703E-03
964 9.592E-03
965 9.483E-03
966 9.376E-03
967 9.270E-03
968 9.165E-03
969 9.061E-03
970 8.959E-03
971 8.858E-03
972 8.758E-03
973 8.660E-03
974 8.563E-03
975 8.467E-03
976 8.372E-03
977 8.278E-03
978 8.186E-03
979 8.095E-03
980 8.005E-03
981 7.916E-03
982 7.828E-03
983 7.741E-03
984 7.655E-03
985 7.570E-03
986 7.487E-03
987 7.404E-03
988 7.323E-03
989 7.242E-03
990 7.163E-03
991 7.084E-03
992 7.007E-03
993 6.930E-03
994 6.854E-03
995 6.779E-03
996 6.706E-03
997 6.633E-03
998 6.561E-03
999 6.489E-03
1000 6.419E-03
