#wave[nm]	#irradiance[W/m^2/nm]	#model[W/m^2/nm]
0.5	6.882622255943716E-8	0
1.5	1.4892105245962738E-6	0
2.5	2.781058428809047E-6	1.1036676587536932E-6
3.5	3.1476046424359084E-6	1.7232082318514585E-6
4.5	4.597033839672804E-6	2.9984293505549433E-6
5.5	7.951541803777218E-6	6.163920275866985E-6
6.5	3.2925665378570554E-5	3.2925665378570554E-5
7.5	2.8017792850732804E-5	2.8017792850732804E-5
8.5	2.8888069093227388E-5	2.8888069093227388E-5
9.5	2.5423822924494743E-5	2.5423822924494743E-5
10.5	1.9232956692576408E-5	1.9232956692576408E-5
11.5	1.3547109439969063E-5	1.3547109439969063E-5
12.5	6.669436581432819E-6	6.669436581432819E-6
13.5	7.196169346570969E-6	7.196169346570969E-6
14.5	1.5512462705373765E-5	1.5512462705373765E-5
15.5	1.2369049713015556E-5	1.2369049713015556E-5
16.5	2.08838302642107E-5	2.08838302642107E-5
17.5	1.4595881104469298E-4	1.4595881104469298E-4
18.5	1.1362446099519729E-4	1.1362446099519729E-4
19.5	7.88101851940155E-5	7.88101851940155E-5
20.5	4.695800319314003E-5	4.695800319314003E-5
21.5	3.086256235837936E-5	3.086256235837936E-5
22.5	5.2271153777837755E-5	5.2271153777837755E-5
23.5	3.1573139131069185E-5	3.1573139131069185E-5
24.5	3.69441919028759E-5	3.69441919028759E-5
25.5	6.29371553659439E-5	6.29371553659439E-5
26.5	1.3965908437967301E-5	1.3965908437967301E-5
27.5	2.2397603839635848E-5	2.2397603839635848E-5
28.5	9.432485327124596E-6	9.432485327124596E-6
29.5	1.4772500842809678E-5	1.4772500842809678E-5
30.5	4.366075098514557E-4	4.366075098514557E-4
31.5	3.075076267123222E-5	3.075076267123222E-5
32.5	9.659092873334884E-6	9.659092873334884E-6
33.5	1.093424577265978E-5	1.093424577265978E-5
34.5	3.6603305488824844E-5	3.6603305488824844E-5
35.5	2.7513885870575906E-5	2.7513885870575906E-5
36.5	5.01454547047615E-5	5.01454547047615E-5
37.5	1.498641725629568E-5	1.498641725629568E-5
38.5	7.042539771646261E-6	7.042539771646261E-6
39.5	4.449184518307447E-6	4.449184518307447E-6
40.5	6.9214929826557635E-6	6.9214929826557635E-6
41.5	3.462027991190553E-6	3.462027991190553E-6
42.5	4.622694104909897E-6	4.622694104909897E-6
43.5	1.0549713857471943E-5	1.0549713857471943E-5
44.5	5.417012609541416E-6	5.417012609541416E-6
45.5	6.279867142438889E-6	6.279867142438889E-6
46.5	1.7689311876893044E-5	1.7689311876893044E-5
47.5	7.443669717758894E-6	7.443669717758894E-6
48.5	1.124662347137928E-5	1.124662347137928E-5
49.5	1.2761360034346581E-5	1.2761360034346581E-5
50.5	1.5312683768570422E-5	1.5312683768570422E-5
51.5	5.754407029598952E-6	5.754407029598952E-6
52.5	5.947452504187823E-6	5.947452504187823E-6
53.5	7.682973053306342E-6	7.682973053306342E-6
54.5	4.525808151811361E-6	4.525808151811361E-6
55.5	2.833431027829647E-5	2.833431027829647E-5
56.5	6.170601584017277E-6	6.170601584017277E-6
57.5	5.039127543568611E-6	5.039127543568611E-6
58.5	4.2075768113136294E-5	4.2075768113136294E-5
59.5	7.581702433526516E-6	7.581702433526516E-6
60.5	1.5636440366506577E-5	1.5636440366506577E-5
61.5	1.2209038250148296E-5	1.2209038250148296E-5
62.5	3.53303924202919E-5	3.53303924202919E-5
63.5	3.047236241400242E-5	3.047236241400242E-5
64.5	3.939391579478979E-6	3.939391579478979E-6
65.5	3.6196245346218347E-6	3.6196245346218347E-6
66.5	3.933294210582971E-6	3.933294210582971E-6
67.5	3.094986779615283E-6	3.094986779615283E-6
68.5	7.250144146382809E-6	7.250144146382809E-6
69.5	4.891958087682724E-6	4.891958087682724E-6
70.5	1.2123924680054188E-5	1.2123924680054188E-5
71.5	4.487804602831602E-6	4.487804602831602E-6
72.5	3.8060578517615796E-6	3.8060578517615796E-6
73.5	2.858342370018363E-6	2.858342370018363E-6
74.5	4.278547130525112E-6	4.278547130525112E-6
75.5	5.946202669292688E-6	5.946202669292688E-6
76.5	1.600240543484688E-5	1.600240543484688E-5
77.5	1.3293315656483173E-5	1.3293315656483173E-5
78.5	1.9859377294778825E-5	1.9859377294778825E-5
79.5	1.3310627080500126E-5	1.3310627080500126E-5
80.5	1.0093823075294494E-5	1.0093823075294494E-5
81.5	1.0863409377634525E-5	1.0863409377634525E-5
82.5	1.2831958010792731E-5	1.2831958010792731E-5
83.5	3.071444481611252E-5	3.071444481611252E-5
84.5	1.7694944515824318E-5	1.7694944515824318E-5
85.5	2.1063018590211867E-5	2.1063018590211867E-5
86.5	2.4211451411247255E-5	2.4211451411247255E-5
87.5	2.8911976143717765E-5	2.8911976143717765E-5
88.5	3.318256512284279E-5	3.318256512284279E-5
89.5	3.7476692348718644E-5	3.7476692348718644E-5
90.5	4.4861853122711184E-5	4.4861853122711184E-5
91.5	3.895244002342224E-5	3.895244002342224E-5
92.5	1.4595134183764459E-5	1.4595134183764459E-5
93.5	1.4970362186431885E-5	1.4970362186431885E-5
94.5	1.1112342588603497E-5	1.1112342588603497E-5
95.5	8.908422663807869E-6	8.908422663807869E-6
96.5	6.38775760307908E-6	6.38775760307908E-6
97.5	1.0143689066171647E-4	1.0143689066171647E-4
98.5	1.3525992631912232E-5	1.3525992631912232E-5
99.5	1.945614255964756E-5	1.945614255964756E-5
100.5	8.60483106225729E-6	8.60483106225729E-6
101.5	1.1670987121760846E-5	1.1670987121760846E-5
102.5	8.544858545064926E-5	8.544858545064926E-5
103.5	8.24209526181221E-5	8.24209526181221E-5
104.5	1.3804186135530471E-5	1.3804186135530471E-5
105.5	1.3356384821236133E-5	1.3356384821236133E-5
106.5	1.439737994223833E-5	1.439737994223833E-5
107.5	1.6829656437039374E-5	1.6829656437039374E-5
108.5	2.382433973252773E-5	2.382433973252773E-5
109.5	1.815102994441986E-5	1.815102994441986E-5
110.5	2.1129969507455827E-5	2.1129969507455827E-5
111.5	1.9815009087324144E-5	1.9815009087324144E-5
112.5	2.0818619057536125E-5	2.0818619057536125E-5
113.5	1.3205917552113532E-5	1.3205917552113532E-5
114.5	1.6740772873163223E-5	1.6740772873163223E-5
115.5	2.0285267382860183E-5	2.0285267382860183E-5
116.5	2.4747531861066817E-5	2.4747531861066817E-5
117.5	8.223570883274078E-5	8.223570883274078E-5
118.5	3.2293897122144697E-5	3.2293897122144697E-5
119.5	5.4248813539743425E-5	5.4248813539743425E-5
120.5	1.479816436767578E-4	1.4238731563091277E-4
121.5	0.006622122764587402	0.006363874435424805
122.5	6.405762583017349E-5	6.32311999797821E-5
123.5	4.081006348133087E-5	4.0216188877820965E-5
124.5	2.9744280502200127E-5	2.9294170439243317E-5
125.5	2.715611644089222E-5	2.691536583006382E-5
126.5	3.636690229177475E-5	3.539066016674042E-5
127.5	1.9518379122018815E-5	1.9440634176135065E-5
128.5	1.5558203682303428E-5	1.5498537570238113E-5
129.5	1.7472177743911743E-5	1.7258336767554283E-5
130.5	1.520359367132187E-4	1.5210846066474913E-4
131.5	2.473045513033867E-5	2.504633367061615E-5
132.5	2.0063690841197966E-5	1.992460712790489E-5
133.5	1.810404360294342E-4	1.776367574930191E-4
134.5	1.849674992263317E-5	1.8643133342266083E-5
135.5	4.2875315994024274E-5	4.260069876909256E-5
136.5	2.660149708390236E-5	2.6626307517290114E-5
137.5	2.89226770401001E-5	2.885286882519722E-5
138.5	2.857629768550396E-5	2.8504537418484687E-5
139.5	7.325275987386703E-5	7.190383225679398E-5
140.5	6.341901421546936E-5	6.316637247800827E-5
141.5	4.020477831363678E-5	4.008490964770317E-5
142.5	4.345514252781868E-5	4.344770684838295E-5
143.5	5.0106484442949295E-5	4.97509315609932E-5
144.5	4.8822570592164996E-5	4.856766015291214E-5
145.5	5.2113529294729235E-5	5.194873362779617E-5
146.5	6.406456232070923E-5	6.377177685499191E-5
147.5	7.986690849065781E-5	7.973761111497878E-5
148.5	8.225084841251374E-5	8.126154541969299E-5
149.5	7.33720064163208E-5	7.308968156576157E-5
150.5	8.21073055267334E-5	8.182556927204131E-5
151.5	8.815038204193115E-5	8.870599418878555E-5
152.5	1.0969070345163345E-4	1.0905578732490539E-4
153.5	1.2158318608999253E-4	1.2101289629936218E-4
154.5	2.0043152570724487E-4	1.9949346780776979E-4
155.5	1.7910271883010863E-4	1.79134339094162E-4
156.5	1.831926554441452E-4	1.824871152639389E-4
157.5	1.618858575820923E-4	1.6141271591186524E-4
158.5	1.6124582290649413E-4	1.6062520444393158E-4
159.5	1.6031982004642486E-4	1.5978905558586122E-4
160.5	1.8009690940380097E-4	1.7797261476516725E-4
161.5	2.107469141483307E-4	2.0943549275398253E-4
162.5	2.462723255157471E-4	2.417210340499878E-4
163.5	2.603161931037903E-4	2.5760644674301147E-4
164.5	2.96397864818573E-4	2.947033941745758E-4
165.5	4.773775637149811E-4	4.7256237268447876E-4
166.5	3.254406750202179E-4	3.2448890805244444E-4
167.5	3.8548511266708375E-4	3.8095560669898986E-4
168.5	4.24153596162796E-4	4.224688708782196E-4
169.5	5.652062892913818E-4	5.58555006980896E-4
170.5	6.463966965675354E-4	6.441361904144287E-4
171.5	6.530314683914184E-4	6.47075355052948E-4
172.5	7.152065634727478E-4	7.116464972496033E-4
173.5	7.242920398712158E-4	7.209599614143371E-4
174.5	8.937434554100037E-4	8.859044313430786E-4
175.5	0.0010942205190658568	0.0010858381986618042
176.5	0.001185376763343811	0.0011800200939178467
177.5	0.0014443470239639282	0.0014311165809631347
178.5	0.001615783929824829	0.0015963187217712402
179.5	0.0015940665006637573	0.0015869051218032836
180.5	0.0020016262531280518	0.001963789939880371
181.5	0.00236224365234375	0.0023181710243225097
182.5	0.0022865004539489747	0.0022503068447113036
183.5	0.0024608185291290284	0.0024259657859802245
184.5	0.002145080804824829	0.00211636209487915
185.5	0.0024507625102996827	0.0024156794548034666
186.5	0.0028341047763824462	0.0027922952175140382
187.5	0.003175100803375244	0.0031350555419921875
188.5	0.003423525333404541	0.0033682866096496583
189.5	0.003759943723678589	0.003704836130142212
190.5	0.003983232021331787	0.003930398941040039
191.5	0.004244311332702637	0.004187888622283935
192.5	0.004523372650146485	0.004500192642211914
193.5	0.0035303101539611815	0.003499953031539917
194.5	0.005789122104644775	0.005725373744964599
195.5	0.0056221895217895505	0.0055658164024353024
196.5	0.006322778701782226	0.006282456874847412
197.5	0.006435237884521485	0.006372493267059326
198.5	0.006484997749328613	0.006430575370788574
199.5	0.007050954818725586	0.006994269371032715
200.5	0.007702440738677979	0.00761219596862793
201.5	0.008546107292175293	0.008476834297180175
202.5	0.008470149993896484	0.00840814208984375
203.5	0.009757442474365234	0.009714493751525879
204.5	0.010823163986206055	0.01075161361694336
205.5	0.011170197486877441	0.01106493091583252
206.5	0.011528303146362304	0.011450528144836426
207.5	0.01332803726196289	0.013205681800842285
208.5	0.01530064868927002	0.015211345672607422
209.5	0.02209311103820801	0.021997175216674804
210.5	0.02870811080932617	0.0285856876373291
211.5	0.034619373321533205	0.03447151184082031
212.5	0.03300390625	0.032922271728515626
213.5	0.02982742118835449	0.02974706840515137
214.5	0.04263079071044922	0.042383800506591796
215.5	0.03476923370361328	0.03470924758911133
216.5	0.033393772125244144	0.03336544036865234
217.5	0.032670536041259766	0.03250680160522461
218.5	0.0460614013671875	0.04599153518676758
219.5	0.04833309173583984	0.0481391716003418
220.5	0.047654388427734375	0.047565647125244144
221.5	0.033757064819335936	0.03368600463867188
222.5	0.04976055908203125	0.04969009017944336
223.5	0.06353820419311523	0.06339751815795898
224.5	0.05827565765380859	0.05824765396118164
225.5	0.05153386688232422	0.051374252319335935
226.5	0.03604403686523437	0.0360203857421875
227.5	0.03653928756713867	0.0364359245300293
228.5	0.05234390640258789	0.05225790023803711
229.5	0.044510704040527344	0.044412235260009765
230.5	0.05418151092529297	0.054120174407958986
231.5	0.04663104248046875	0.04662643814086914
232.5	0.05033146286010742	0.05029975509643555
233.5	0.04221478271484375	0.042220943450927736
234.5	0.034141159057617186	0.03414714050292969
235.5	0.054902664184570314	0.05491923904418945
236.5	0.04221277236938477	0.04226239395141602
237.5	0.0511342887878418	0.05138321304321289
238.5	0.03501081848144531	0.0351441421508789
239.5	0.043260791778564456	0.04342224502563476
240.5	0.039543556213378905	0.03972519302368164
241.5	0.04611353302001953	0.0463917350769043
242.5	0.06938435363769531	0.06980326080322266
243.5	0.06327928161621094	0.06357378387451172
244.5	0.06013710403442383	0.06044208908081055
245.5	0.04722726821899414	0.04752572631835938
246.5	0.04742332458496094	0.04762450790405273
247.5	0.05477981567382813	0.0550131721496582
248.5	0.042186981201171876	0.04234342193603516
249.5	0.05412232208251953	0.054205528259277345
250.5	0.05705233383178711	0.05711161041259766
251.5	0.0441179313659668	0.04415074157714844
252.5	0.0390030517578125	0.03905135726928711
253.5	0.05019032669067383	0.050203742980957033
254.5	0.055669677734375	0.05583401107788086
255.5	0.07888131713867187	0.07908905792236329
256.5	0.09488812255859375	0.09509207153320312
257.5	0.11785506439208984	0.11817485809326173
258.5	0.1250396270751953	0.12534881591796876
259.5	0.1048988037109375	0.10509624481201171
260.5	0.08500624084472656	0.08517031097412109
261.5	0.08287689971923828	0.0829748306274414
262.5	0.10477230834960938	0.10504606628417969
263.5	0.1538223419189453	0.15411988830566406
264.5	0.240598388671875	0.24095991516113283
265.5	0.26169839477539064	0.26185833740234377
266.5	0.26390560913085936	0.2640722961425781
267.5	0.2609971923828125	0.26118841552734373
268.5	0.2579964599609375	0.2581164245605469
269.5	0.25467945861816405	0.2547985382080078
270.5	0.27802175903320314	0.27811996459960936
271.5	0.2476640625	0.24780862426757813
272.5	0.21188078308105468	0.212006591796875
273.5	0.21305035400390626	0.21310624694824218
274.5	0.1483014678955078	0.14836781311035158
275.5	0.183267822265625	0.1833112487792969
276.5	0.24771600341796876	0.24786502075195313
277.5	0.24450538635253907	0.24449879455566406
278.5	0.17298902893066406	0.17305722045898436
279.5	0.09715813446044921	0.09730782318115234
280.5	0.10034674072265624	0.10058737182617188
281.5	0.20590248107910156	0.20610159301757813
282.5	0.299750244140625	0.2998542785644531
283.5	0.3250515747070313	0.3251726989746094
284.5	0.25457763671875	0.25479010009765624
285.5	0.18000677490234376	0.18021382141113282
286.5	0.31717910766601565	0.3173331604003906
287.5	0.357265625	0.3573779296875
288.5	0.3427076721191406	0.3429727478027344
289.5	0.4819454040527344	0.48224606323242186
290.5	0.6183885498046875	0.618808837890625
291.5	0.6087609252929688	0.609130615234375
292.5	0.554230712890625	0.5546227416992188
293.5	0.5528763427734374	0.5533051147460938
294.5	0.5334830932617187	0.5339115600585937
295.5	0.5642097778320313	0.5646935424804688
296.5	0.539605224609375	0.5399691162109375
297.5	0.5189459838867188	0.5193016357421875
298.5	0.4971117248535156	0.49744711303710937
299.5	0.4999348449707031	0.5002416687011719
300.5	0.452477783203125	0.45279953002929685
301.5	0.4733049621582031	0.47367947387695314
302.5	0.5051971435546875	0.5057067260742187
303.5	0.6462022094726563	0.646708251953125
304.5	0.6336514282226563	0.6341680297851563
305.5	0.6267389526367187	0.6271299438476563
306.5	0.58917724609375	0.5896061401367187
307.5	0.6485913696289063	0.64927392578125
308.5	0.646274169921875	0.646895263671875
309.5	0.5503583374023437	0.550740966796875
310.5	0.6193236083984375	0.6198387451171875
311.5	0.7579229736328125	0.758289306640625
312.5	0.6902367553710937	0.690523193359375
313.5	0.7193976440429688	0.71983837890625
314.5	0.7010416259765625	0.7015174560546875
315.5	0.6639542236328125	0.664373291015625
316.5	0.6432529907226563	0.6437339477539062
317.5	0.7869044799804688	0.7873389282226563
318.5	0.7026608276367188	0.702975830078125
319.5	0.7280624389648438	0.7284610595703125
320.5	0.8167837524414062	0.8171283569335938
321.5	0.7320339965820313	0.7323651123046875
322.5	0.7183935546875	0.7187625732421875
323.5	0.686459716796875	0.68687255859375
324.5	0.7783663940429687	0.7788120727539063
325.5	0.8952821655273437	0.8958726806640624
326.5	1.0132803344726562	1.0138350830078124
327.5	0.9921497192382812	0.9926337890625
328.5	0.9598743896484375	0.9603705444335937
329.5	1.0823671875	1.08298046875
330.5	1.0706925048828124	1.07110205078125
331.5	1.0022432861328125	1.0028429565429688
332.5	0.994943115234375	0.9956784057617187
333.5	0.9624909057617187	0.9632125854492187
334.5	0.9925078125	0.9931571655273438
335.5	0.987863037109375	0.988255859375
336.5	0.859635986328125	0.8600287475585937
337.5	0.8737374267578125	0.8741842041015625
338.5	0.9548380737304687	0.955248046875
339.5	1.0030618896484376	1.0036649169921874
340.5	1.0567635498046875	1.0572042236328125
341.5	0.9802288818359375	0.9808366088867188
342.5	1.0312137451171874	1.031874755859375
343.5	0.9968925170898437	0.997149169921875
344.5	0.8538718872070312	0.8542662353515625
345.5	0.9733289794921876	0.9737255859375
346.5	0.9723776245117187	0.9728825073242188
347.5	0.957695068359375	0.9582255859375
348.5	0.9446990966796875	0.9452926635742187
349.5	0.9379844970703125	0.9384981689453125
350.5	1.0738233642578126	1.0742130126953124
351.5	1.03910009765625	1.03936865234375
352.5	0.9665314331054687	0.9669453735351563
353.5	1.0509561767578126	1.0516522216796875
354.5	1.1534166259765626	1.154089599609375
355.5	1.104789794921875	1.104800048828125
356.5	0.985239990234375	0.9845964965820313
357.5	0.8552061767578125	0.8546602172851563
358.5	0.763506103515625	0.7631652221679688
359.5	1.0046815185546876	1.0051884155273438
360.5	1.060721435546875	1.0608173828125
361.5	0.9337962646484375	0.9339054565429687
362.5	1.0178713989257813	1.0181454467773436
363.5	1.0469088134765625	1.0471846923828125
364.5	1.056384521484375	1.0569718017578125
365.5	1.1747037353515626	1.175525146484375
366.5	1.2904417724609376	1.29142041015625
367.5	1.24162939453125	1.242545654296875
368.5	1.1705302734375	1.1715162353515625
369.5	1.2650728759765626	1.2662408447265625
370.5	1.2209356689453126	1.2217252197265625
371.5	1.2152249755859375	1.215998291015625
372.5	1.112619873046875	1.1133509521484375
373.5	0.9757509155273437	0.9764799194335938
374.5	0.94000439453125	0.9406956176757812
375.5	1.0640224609375	1.064849853515625
376.5	1.131594482421875	1.13247216796875
377.5	1.2717803955078124	1.2729573974609374
378.5	1.3643944091796876	1.3653720703125
379.5	1.1600206298828124	1.1610537109375
380.5	1.222208740234375	1.22331005859375
381.5	1.16521337890625	1.166146728515625
382.5	0.8558992309570312	0.85661865234375
383.5	0.7362591552734375	0.7369168090820313
384.5	0.933157958984375	0.9340366821289062
385.5	1.03546044921875	1.036447509765625
386.5	1.0168736572265624	1.0177617797851561
387.5	1.0205534057617187	1.0214476318359376
388.5	0.9997528076171875	1.000571044921875
389.5	1.1428558349609375	1.14363916015625
390.5	1.259328369140625	1.2599384765625
391.5	1.3379188232421875	1.3382750244140624
392.5	1.082318359375	1.0826422119140624
393.5	0.6491751098632812	0.6497357177734375
394.5	0.9489526977539062	0.949442626953125
395.5	1.2791241455078124	1.2796417236328126
396.5	0.9681622924804687	0.9685867309570313
397.5	0.8627286376953125	0.8632979125976562
398.5	1.549882568359375	1.550382080078125
399.5	1.663325439453125	1.66373876953125
400.5	1.6653280029296875	1.6662200927734374
401.5	1.7486571044921875	1.7495670166015624
402.5	1.767159423828125	1.76836279296875
403.5	1.7215328369140626	1.7224163818359375
404.5	1.6942315673828126	1.69521484375
405.5	1.674055908203125	1.6749581298828125
406.5	1.62012890625	1.6210946044921875
407.5	1.6489024658203124	1.649754150390625
408.5	1.77054541015625	1.7711923828125
409.5	1.71958544921875	1.7202076416015626
410.5	1.5890166015625	1.58946240234375
411.5	1.8209989013671875	1.82158837890625
412.5	1.8073524169921875	1.807567626953125
413.5	1.779917724609375	1.7800902099609375
414.5	1.8038594970703126	1.803896728515625
415.5	1.7825091552734376	1.782544921875
416.5	1.8319998779296875	1.8320364990234375
417.5	1.734256591796875	1.734336669921875
418.5	1.7322574462890625	1.732324951171875
419.5	1.7221422119140626	1.7223551025390624
420.5	1.7604825439453125	1.7606741943359374
421.5	1.8669820556640624	1.8677811279296874
422.5	1.7138831787109374	1.714503662109375
423.5	1.7201834716796875	1.720707275390625
424.5	1.7635093994140625	1.7641307373046875
425.5	1.716493896484375	1.7172843017578125
426.5	1.7252548828125	1.7259635009765626
427.5	1.657461181640625	1.65802490234375
428.5	1.6761380615234376	1.67671435546875
429.5	1.4879432373046875	1.4885206298828124
430.5	1.212185791015625	1.2126153564453126
431.5	1.5598841552734375	1.560316162109375
432.5	1.7622998046875	1.763026123046875
433.5	1.6945469970703124	1.6951466064453125
434.5	1.6219163818359374	1.6221922607421875
435.5	1.800726318359375	1.8010330810546875
436.5	1.8923096923828124	1.8927115478515626
437.5	1.8097288818359376	1.8100262451171876
438.5	1.6791689453125	1.6792012939453125
439.5	1.8002537841796875	1.8003238525390626
440.5	1.807742919921875	1.8079549560546875
441.5	1.918884765625	1.91896044921875
442.5	1.9848675537109375	1.984736328125
443.5	1.96527880859375	1.9655313720703125
444.5	2.0059886474609376	2.00590771484375
445.5	1.9096143798828125	1.9096768798828125
446.5	1.897850830078125	1.897545654296875
447.5	2.0395982666015624	2.0395714111328127
448.5	2.042899169921875	2.042588134765625
449.5	2.05955078125	2.059837646484375
450.5	2.16780224609375	2.1688583984375
451.5	2.1589521484375	2.160227294921875
452.5	2.019482666015625	2.02074951171875
453.5	1.971133544921875	1.9723634033203126
454.5	2.057700927734375	2.058856689453125
455.5	2.05219970703125	2.053232421875
456.5	2.123956787109375	2.124939208984375
457.5	2.123391357421875	2.1244482421875
458.5	2.063388427734375	2.064408935546875
459.5	2.061226806640625	2.062172607421875
460.5	2.090093994140625	2.090980712890625
461.5	2.135726806640625	2.136561279296875
462.5	2.14280615234375	2.143721435546875
463.5	2.116732666015625	2.117763427734375
464.5	2.043510498046875	2.0442784423828124
465.5	2.0599775390625	2.06092431640625
466.5	2.021833984375	2.022485595703125
467.5	2.0110413818359376	2.0117901611328124
468.5	2.0529345703125	2.05366064453125
469.5	2.04846337890625	2.04917578125
470.5	1.9763502197265626	1.9771636962890624
471.5	2.05876025390625	2.05958349609375
472.5	2.106539306640625	2.10721826171875
473.5	2.0432838134765623	2.0439769287109373
474.5	2.112963623046875	2.11366259765625
475.5	2.09299267578125	2.093628662109375
476.5	2.0473289794921876	2.04794287109375
477.5	2.122659912109375	2.123266845703125
478.5	2.1107919921875	2.1114833984375
479.5	2.11625830078125	2.11649755859375
480.5	2.10719921875	2.1071748046875
481.5	2.130794189453125	2.13115673828125
482.5	2.113185546875	2.11339599609375
483.5	2.07084765625	2.07128125
484.5	2.0451007080078125	2.0453721923828123
485.5	1.8746025390625	1.875270263671875
486.5	1.6985025634765625	1.6989599609375
487.5	1.9078221435546876	1.908188720703125
488.5	1.9542734375	1.9547547607421876
489.5	1.9976260986328125	1.9981456298828124
490.5	2.0589716796875	2.059459228515625
491.5	1.9541317138671874	1.954732421875
492.5	1.933670166015625	1.934110107421875
493.5	1.9953204345703126	1.9958380126953126
494.5	2.0318160400390624	2.0321427001953123
495.5	2.014976806640625	2.0156641845703125
496.5	2.007307373046875	2.0078717041015626
497.5	2.02434814453125	2.0248433837890625
498.5	1.9472547607421875	1.947779541015625
499.5	1.9986357421875	1.99895068359375
500.5	1.9547744140625	1.95559716796875
501.5	1.9494796142578126	1.950462890625
502.5	1.94887744140625	1.9499383544921876
503.5	1.951616455078125	1.9527181396484374
504.5	1.95648828125	1.95769970703125
505.5	1.962196044921875	1.9630421142578125
506.5	1.96582470703125	1.966609619140625
507.5	1.9662015380859375	1.9669422607421876
508.5	1.9632015380859376	1.9638287353515624
509.5	1.957263916015625	1.957888916015625
510.5	1.9477490234375	1.948543212890625
511.5	1.93048388671875	1.930929931640625
512.5	1.908041259765625	1.9087620849609375
513.5	1.886462646484375	1.886921630859375
514.5	1.8666514892578125	1.8668564453125
515.5	1.848488525390625	1.8488409423828125
516.5	1.83290869140625	1.8337393798828125
517.5	1.822908447265625	1.8239310302734375
518.5	1.8270712890625	1.8281072998046874
519.5	1.8363243408203125	1.83731103515625
520.5	1.845802734375	1.846941162109375
521.5	1.855145263671875	1.8563521728515624
522.5	1.8661214599609375	1.8670899658203124
523.5	1.8776082763671875	1.8786517333984376
524.5	1.88801171875	1.8891292724609374
525.5	1.8945943603515625	1.89568408203125
526.5	1.898134033203125	1.899125
527.5	1.90166162109375	1.9025828857421876
528.5	1.909777587890625	1.9107701416015626
529.5	1.916376708984375	1.91734765625
530.5	1.9211102294921876	1.922116455078125
531.5	1.923883056640625	1.9247586669921875
532.5	1.924244140625	1.925301513671875
533.5	1.9242047119140624	1.925052490234375
534.5	1.9225360107421876	1.923238525390625
535.5	1.91856005859375	1.9194166259765626
536.5	1.9123880615234374	1.9130543212890625
537.5	1.9063795166015625	1.9069197998046874
538.5	1.901007080078125	1.9015003662109375
539.5	1.8966922607421874	1.897146728515625
540.5	1.894078369140625	1.8942669677734374
541.5	1.892629150390625	1.8924549560546875
542.5	1.8918924560546875	1.891518798828125
543.5	1.891000244140625	1.891373779296875
544.5	1.89192431640625	1.89223876953125
545.5	1.89292529296875	1.892988525390625
546.5	1.8933798828125	1.8931895751953125
547.5	1.8945811767578125	1.8943701171875
548.5	1.894640869140625	1.894501220703125
549.5	1.893602294921875	1.8936016845703125
550.5	1.8914906005859375	1.8914173583984375
551.5	1.8880584716796875	1.887825439453125
552.5	1.8838525390625	1.8834876708984376
553.5	1.8794923095703124	1.8791954345703126
554.5	1.8748553466796876	1.874533203125
555.5	1.86999169921875	1.86961279296875
556.5	1.864718994140625	1.864306884765625
557.5	1.85940234375	1.8589754638671876
558.5	1.8545223388671874	1.8541142578125
559.5	1.85145849609375	1.851245361328125
560.5	1.8496546630859374	1.8495426025390624
561.5	1.8483441162109375	1.84836474609375
562.5	1.8464188232421874	1.8466776123046875
563.5	1.84523779296875	1.8456953125
564.5	1.84460693359375	1.845217529296875
565.5	1.8452630615234376	1.846075927734375
566.5	1.8460582275390625	1.847005126953125
567.5	1.84701025390625	1.8479827880859374
568.5	1.8474227294921874	1.848467529296875
569.5	1.847813232421875	1.8488985595703125
570.5	1.8483109130859374	1.8494554443359374
571.5	1.8487537841796875	1.8500806884765626
572.5	1.849181396484375	1.850693359375
573.5	1.8497257080078124	1.8512830810546874
574.5	1.8499691162109375	1.851498779296875
575.5	1.849828857421875	1.8512374267578124
576.5	1.8487664794921874	1.8501392822265625
577.5	1.847426025390625	1.84877294921875
578.5	1.8458646240234375	1.847201171875
579.5	1.843091064453125	1.84451953125
580.5	1.838894287109375	1.8405125732421874
581.5	1.834049072265625	1.8355980224609374
582.5	1.8289898681640624	1.83046337890625
583.5	1.823574951171875	1.825084228515625
584.5	1.8180550537109375	1.819619384765625
585.5	1.812356201171875	1.8139324951171876
586.5	1.80704736328125	1.8086295166015625
587.5	1.8019578857421874	1.8035391845703126
588.5	1.7974351806640625	1.7991904296875
589.5	1.793348876953125	1.795252685546875
590.5	1.7914163818359374	1.7930753173828125
591.5	1.7893516845703126	1.790934326171875
592.5	1.787080322265625	1.788869384765625
593.5	1.78519921875	1.787105712890625
594.5	1.78357861328125	1.785500732421875
595.5	1.7819210205078124	1.78391943359375
596.5	1.7802547607421875	1.78233447265625
597.5	1.77837451171875	1.78041357421875
598.5	1.7762982177734374	1.7782789306640625
599.5	1.7732659912109374	1.7752147216796874
600.5	1.76994482421875	1.771837890625
601.5	1.76603662109375	1.7678748779296876
602.5	1.7619984130859374	1.76380810546875
603.5	1.7578134765625	1.759601806640625
604.5	1.753122802734375	1.7548402099609375
605.5	1.7480946044921875	1.7497008056640626
606.5	1.7423193359375	1.7437445068359374
607.5	1.7362529296875	1.73752685546875
608.5	1.7300206298828125	1.73144482421875
609.5	1.7237484130859375	1.725294189453125
610.5	1.7181707763671874	1.7197257080078125
611.5	1.712669189453125	1.71425830078125
612.5	1.7068914794921874	1.708589111328125
613.5	1.7011075439453125	1.7028531494140624
614.5	1.695951904296875	1.6977257080078125
615.5	1.6908675537109374	1.692618408203125
616.5	1.6875198974609376	1.6893363037109375
617.5	1.6842310791015624	1.6860804443359374
618.5	1.681876708984375	1.6837734375
619.5	1.67950244140625	1.681473388671875
620.5	1.6768255615234375	1.6787724609375
621.5	1.6741400146484375	1.676050048828125
622.5	1.67126123046875	1.6731434326171875
623.5	1.6683836669921874	1.67021142578125
624.5	1.665710205078125	1.66765771484375
625.5	1.66303564453125	1.6650003662109376
626.5	1.660813720703125	1.66276416015625
627.5	1.6586097412109375	1.6605498046875
628.5	1.655502197265625	1.657397705078125
629.5	1.6522818603515625	1.654146728515625
630.5	1.6487918701171875	1.6505966796875
631.5	1.6452335205078126	1.6469970703125
632.5	1.64185205078125	1.6436759033203125
633.5	1.638549560546875	1.640421142578125
634.5	1.63548193359375	1.6372733154296875
635.5	1.6325911865234375	1.6341907958984374
636.5	1.629391357421875	1.6308336181640626
637.5	1.625781982421875	1.6271947021484374
638.5	1.622067138671875	1.623479248046875
639.5	1.61806884765625	1.6196043701171876
640.5	1.6141282958984375	1.6157786865234376
641.5	1.6107801513671876	1.6121949462890626
642.5	1.607430908203125	1.6087193603515626
643.5	1.601697021484375	1.60325
644.5	1.5956671142578125	1.59738671875
645.5	1.589865234375	1.591469970703125
646.5	1.5841697998046875	1.585578125
647.5	1.57843603515625	1.57968701171875
648.5	1.5726533203125	1.5739453125
649.5	1.5669930419921876	1.56830859375
650.5	1.56185888671875	1.5631181640625
651.5	1.5567232666015625	1.557901123046875
652.5	1.55162841796875	1.552963623046875
653.5	1.5465361328125	1.5479722900390624
654.5	1.542464111328125	1.543938720703125
655.5	1.539016845703125	1.5404757080078124
656.5	1.536331787109375	1.5377447509765625
657.5	1.5354266357421875	1.5368076171875
658.5	1.5345203857421874	1.5358614501953125
659.5	1.5342147216796875	1.5357957763671874
660.5	1.5339266357421875	1.53569189453125
661.5	1.5337347412109374	1.5355086669921876
662.5	1.5336041259765625	1.53528662109375
663.5	1.53335791015625	1.5349228515625
664.5	1.532727294921875	1.534272216796875
665.5	1.5320953369140624	1.5336290283203124
666.5	1.531394287109375	1.532872314453125
667.5	1.530678955078125	1.53211962890625
668.5	1.5293658447265626	1.530832275390625
669.5	1.5272275390625	1.52876416015625
670.5	1.525087646484375	1.526773193359375
671.5	1.52197998046875	1.523507080078125
672.5	1.5188509521484375	1.5202901611328126
673.5	1.5155924072265625	1.51696435546875
674.5	1.512208984375	1.5135919189453124
675.5	1.508823974609375	1.5102347412109376
676.5	1.505430419921875	1.5068431396484374
677.5	1.5020355224609374	1.5034686279296876
678.5	1.4985880126953126	1.4999906005859376
679.5	1.495092041015625	1.496487060546875
680.5	1.4915946044921875	1.492927978515625
681.5	1.4879263916015626	1.4893035888671875
682.5	1.4842567138671876	1.485622802734375
683.5	1.4806011962890624	1.4819852294921876
684.5	1.4769639892578126	1.478328369140625
685.5	1.473325439453125	1.4746767578125
686.5	1.4695501708984375	1.4708804931640624
687.5	1.4657532958984374	1.4670577392578126
688.5	1.4619412841796875	1.463239501953125
689.5	1.4580902099609374	1.459409423828125
690.5	1.45423779296875	1.4555789794921874
691.5	1.4503538818359376	1.451718017578125
692.5	1.4464521484375	1.4478602294921874
693.5	1.4425513916015624	1.443976806640625
694.5	1.43886767578125	1.440259765625
695.5	1.435182373046875	1.43653759765625
696.5	1.43150146484375	1.4328388671875
697.5	1.4278302001953125	1.4291759033203124
698.5	1.4241575927734376	1.425491943359375
699.5	1.42057177734375	1.421892333984375
700.5	1.417031982421875	1.418329345703125
701.5	1.41349072265625	1.4147607421875
702.5	1.40995751953125	1.411240234375
703.5	1.4064234619140625	1.407698486328125
704.5	1.402875	1.4041607666015625
705.5	1.39927294921875	1.4005657958984374
706.5	1.3956695556640626	1.39699169921875
707.5	1.392063232421875	1.3933594970703125
708.5	1.3884539794921875	1.3896844482421875
709.5	1.3848433837890626	1.3859993896484375
710.5	1.3811636962890625	1.38230859375
711.5	1.377446533203125	1.378630615234375
712.5	1.37372802734375	1.37492724609375
713.5	1.370007080078125	1.3711971435546875
714.5	1.3662847900390624	1.367412841796875
715.5	1.3625611572265626	1.3636727294921875
716.5	1.3590230712890625	1.36012841796875
717.5	1.3554857177734374	1.356598388671875
718.5	1.3519718017578124	1.3530718994140625
719.5	1.3486219482421875	1.349708251953125
720.5	1.34527099609375	1.346328857421875
721.5	1.3419490966796874	1.3429910888671874
722.5	1.3387220458984375	1.3397633056640625
723.5	1.3354937744140625	1.33653369140625
724.5	1.3322523193359375	1.33329248046875
725.5	1.3289842529296876	1.3300216064453125
726.5	1.3257149658203125	1.326752197265625
727.5	1.322499755859375	1.3235345458984376
728.5	1.3193729248046875	1.3204091796875
729.5	1.3162451171875	1.317260986328125
730.5	1.31318603515625	1.3142039794921876
731.5	1.3102264404296875	1.3112537841796874
732.5	1.307265625	1.3082901611328126
733.5	1.304322509765625	1.3053253173828125
734.5	1.301404052734375	1.3023424072265626
735.5	1.298484619140625	1.2994105224609376
736.5	1.2955498046875	1.2964443359375
737.5	1.292592529296875	1.293504638671875
738.5	1.2896341552734376	1.290551513671875
739.5	1.2867584228515625	1.2877010498046875
740.5	1.2840369873046875	1.2850157470703125
741.5	1.281314453125	1.2823221435546874
742.5	1.2786905517578124	1.2797174072265625
743.5	1.2763212890625	1.2773162841796875
744.5	1.273950927734375	1.2749237060546874
745.5	1.2715565185546875	1.272505126953125
746.5	1.2690477294921876	1.269996826171875
747.5	1.2665377197265626	1.2674615478515625
748.5	1.2640245361328124	1.26494970703125
749.5	1.261450439453125	1.2623326416015626
752.5	1.2537476806640624	1.2545577392578124
757.5	1.240458251953125	1.2412083740234374
762.5	1.226169677734375	1.2269144287109375
767.5	1.2121240234375	1.212947265625
772.5	1.199276611328125	1.200199462890625
777.5	1.186237060546875	1.1871787109375
782.5	1.173177734375	1.1741011962890624
787.5	1.15928955078125	1.1601612548828124
792.5	1.1445699462890624	1.145474853515625
797.5	1.130895751953125	1.1317421875
802.5	1.1169434814453125	1.1177581787109374
807.5	1.1037164306640626	1.1044183349609376
812.5	1.090680908203125	1.0914267578125
817.5	1.077160400390625	1.0779281005859376
822.5	1.06486865234375	1.06547216796875
827.5	1.0525908203125	1.05326318359375
832.5	1.038412841796875	1.039012451171875
837.5	1.0232820434570313	1.0237813110351563
842.5	1.0077404174804687	1.008347900390625
847.5	0.990924072265625	0.991492431640625
852.5	0.9759149169921875	0.976560546875
857.5	0.9646486206054687	0.9652495727539062
862.5	0.9548682861328125	0.9554933471679687
867.5	0.94677978515625	0.9474681396484375
872.5	0.941236328125	0.9419701538085937
877.5	0.9347692260742188	0.93540283203125
882.5	0.9272423095703125	0.9278410034179687
887.5	0.9196107177734375	0.9202183227539062
892.5	0.9108685302734375	0.9115160522460938
897.5	0.9011294555664062	0.9018055419921875
902.5	0.8908350219726563	0.8913550415039062
907.5	0.8809080810546875	0.8815303344726563
912.5	0.8713758544921875	0.8719239501953125
917.5	0.8613963623046875	0.8620945434570313
922.5	0.8517619018554687	0.8523997192382813
927.5	0.8424575805664063	0.8430331420898437
932.5	0.8328916015625	0.8335106201171875
937.5	0.82309912109375	0.8237310791015625
942.5	0.8140498657226563	0.8147408447265625
947.5	0.8059866333007812	0.806851806640625
952.5	0.7979638671875	0.797909912109375
957.5	0.7899215087890625	0.7896834716796876
962.5	0.7830634765625	0.782859619140625
967.5	0.7766058959960938	0.7764425659179688
972.5	0.7698641357421875	0.7696425170898438
977.5	0.762390625	0.7622025146484375
982.5	0.754268798828125	0.7540330810546875
987.5	0.7460346069335938	0.7458095092773438
992.5	0.737677734375	0.7374637451171875
997.5	0.7294041137695313	0.7291653442382813
1002.5	0.7216737670898438	0.721434326171875
1007.5	0.714467529296875	0.7142395629882813
1012.5	0.707542724609375	0.7073595581054688
1017.5	0.7005530395507813	0.7003849487304687
1022.5	0.6938289794921875	0.6936559448242188
1027.5	0.6871747436523438	0.6869718627929687
1032.5	0.6802387084960938	0.6800546875
1037.5	0.6729779052734375	0.6728670043945313
1042.5	0.6656586303710937	0.66552587890625
1047.5	0.658340087890625	0.658155029296875
1052.5	0.6505847778320313	0.6503787231445313
1057.5	0.6424074096679687	0.6421597900390625
1062.5	0.6340935668945312	0.633827392578125
1067.5	0.6256392211914062	0.6254207153320313
1072.5	0.6176185913085938	0.6173753051757812
1077.5	0.6101173706054688	0.609921630859375
1082.5	0.6032830810546875	0.60311865234375
1087.5	0.597249755859375	0.5971337890625
1092.5	0.5918612670898438	0.591744140625
1097.5	0.586848876953125	0.5866851806640625
1102.5	0.5819849853515625	0.5818705444335938
1107.5	0.5771489868164063	0.5769930419921875
1112.5	0.571983642578125	0.5718295288085937
1117.5	0.5666928100585937	0.56655126953125
1122.5	0.5613502197265625	0.5611836547851563
1127.5	0.5559044189453125	0.5557318115234375
1132.5	0.5504344482421875	0.550250244140625
1137.5	0.5450591430664062	0.5448636474609375
1142.5	0.5397266845703125	0.5395520629882813
1147.5	0.5343120727539062	0.5341314697265624
1152.5	0.5287986450195312	0.5285906372070313
1157.5	0.5232761840820312	0.523072021484375
1162.5	0.5178609008789062	0.517673095703125
1167.5	0.5124125366210938	0.5122377319335938
1172.5	0.5068927917480469	0.5066788940429687
1177.5	0.5015956420898438	0.5013819274902344
1182.5	0.4965826416015625	0.49640863037109373
1187.5	0.4919031982421875	0.49175335693359373
1192.5	0.4874246826171875	0.4872995300292969
1197.5	0.4832166748046875	0.48309921264648437
1202.5	0.479378173828125	0.47926437377929687
1207.5	0.47575164794921876	0.475657958984375
1212.5	0.47216278076171875	0.472061767578125
1217.5	0.4685989990234375	0.4684945678710937
1222.5	0.4649207153320313	0.4648029479980469
1227.5	0.46118539428710936	0.46105706787109374
1232.5	0.45726702880859377	0.45710623168945314
1237.5	0.4532501220703125	0.45304580688476564
1242.5	0.4492301940917969	0.44894256591796877
1247.5	0.4449264831542969	0.4445845642089844
1252.5	0.4404366760253906	0.4400433349609375
1257.5	0.4359275817871094	0.43551776123046876
1262.5	0.4315816955566406	0.4311729125976563
1267.5	0.4274162292480469	0.4269710083007813
1272.5	0.4233660583496094	0.4229107666015625
1277.5	0.4196110534667969	0.41918328857421877
1282.5	0.4161793518066406	0.4157464294433594
1287.5	0.41315298461914063	0.412743408203125
1292.5	0.41015805053710935	0.40969354248046874
1297.5	0.4070660705566406	0.4065887451171875
1302.5	0.40400506591796875	0.403468505859375
1307.5	0.4009385681152344	0.4003653259277344
1312.5	0.3977972106933594	0.3972158508300781
1317.5	0.39457208251953124	0.39405206298828127
1322.5	0.39143560791015625	0.3909112548828125
1327.5	0.3882952880859375	0.387775634765625
1332.5	0.38516171264648436	0.38465606689453125
1337.5	0.3820506591796875	0.38154620361328123
1342.5	0.37865960693359374	0.37822421264648437
1347.5	0.3753726196289062	0.37494046020507815
1352.5	0.3720606384277344	0.3716633911132812
1357.5	0.36876495361328127	0.36841754150390627
1362.5	0.36557864379882815	0.3652649841308594
1367.5	0.36244595336914065	0.36213092041015627
1372.5	0.35942706298828125	0.3591311340332031
1377.5	0.35642318725585936	0.35619677734375
1382.5	0.35328326416015626	0.3531177062988281
1387.5	0.3502268981933594	0.3500592956542969
1392.5	0.3471198425292969	0.3469389343261719
1397.5	0.34387750244140625	0.34370501708984375
1402.5	0.34063385009765623	0.3404469299316406
1407.5	0.33746133422851565	0.33726608276367187
1412.5	0.334220947265625	0.33403759765625
1417.5	0.33103482055664063	0.33089599609375
1422.5	0.3279468078613281	0.3278193969726563
1427.5	0.32499935913085937	0.32487933349609377
1432.5	0.32219012451171875	0.32207659912109377
1437.5	0.3194854125976562	0.3193911437988281
1442.5	0.31690866088867187	0.316815673828125
1447.5	0.314452392578125	0.3143658752441406
1452.5	0.3119377136230469	0.3118495178222656
1457.5	0.3093861999511719	0.3092784729003906
1462.5	0.3068554992675781	0.30674142456054687
1467.5	0.3041311950683594	0.3040279846191406
1472.5	0.3010924987792969	0.3010029602050781
1477.5	0.2981991271972656	0.2980951843261719
1482.5	0.29534402465820314	0.29525518798828126
1487.5	0.2927696228027344	0.2926833801269531
1492.5	0.2904207763671875	0.2903101806640625
1497.5	0.2882695617675781	0.2882015991210938
1502.5	0.28648092651367185	0.2863704528808594
1507.5	0.284916748046875	0.28480215454101565
1512.5	0.28329443359375	0.28322491455078125
1517.5	0.2816044921875	0.28150714111328123
1522.5	0.2798695373535156	0.2797735290527344
1527.5	0.277890625	0.27779025268554686
1532.5	0.2755699462890625	0.27546646118164064
1537.5	0.2729694519042969	0.2728424987792969
1542.5	0.27016632080078123	0.2700657348632812
1547.5	0.2670765380859375	0.26697210693359374
1552.5	0.2637781982421875	0.2636958923339844
1557.5	0.2603834838867187	0.26029296875
1562.5	0.25711712646484375	0.25701089477539063
1567.5	0.254048095703125	0.2539869842529297
1572.5	0.2514430389404297	0.2513713684082031
1577.5	0.24924261474609374	0.249216552734375
1582.5	0.24739402770996094	0.2473526611328125
1587.5	0.24574809265136718	0.24565692138671874
1592.5	0.2442399444580078	0.24421298217773438
1597.5	0.2428125	0.24280877685546876