#wave[nm]	#irradiance[W/m^2/nm]	#model[W/m^2/nm]
0.5	1.7515048384666443E-6	1.7515048384666443E-6
1.5	4.368670657277107E-5	4.368670657277107E-5
2.5	4.268656298518181E-5	4.268656298518181E-5
3.5	3.817593306303024E-5	3.817593306303024E-5
4.5	4.703453555703163E-5	4.703453555703163E-5
5.5	6.72522559762001E-5	6.72522559762001E-5
6.5	1.8051885068416597E-4	1.8051885068416597E-4
7.5	1.389528512954712E-4	1.389528512954712E-4
8.5	1.158837154507637E-4	1.158837154507637E-4
9.5	8.384623378515243E-5	8.384623378515243E-5
10.5	5.808774009346962E-5	5.808774009346962E-5
11.5	3.488223627209664E-5	3.488223627209664E-5
12.5	2.1765241399407387E-5	2.1765241399407387E-5
13.5	2.0887911319732664E-5	2.0887911319732664E-5
14.5	4.538574442267418E-5	4.538574442267418E-5
15.5	5.426523834466934E-5	5.426523834466934E-5
16.5	6.305023282766343E-5	6.305023282766343E-5
17.5	2.6987436413764953E-4	2.6987436413764953E-4
18.5	2.987199723720551E-4	2.987199723720551E-4
19.5	2.8236985206604005E-4	2.8236985206604005E-4
20.5	2.4250359833240508E-4	2.4250359833240508E-4
21.5	1.912517100572586E-4	1.912517100572586E-4
22.5	1.6444635391235353E-4	1.6444635391235353E-4
23.5	8.555536717176438E-5	8.555536717176438E-5
24.5	1.1607645452022553E-4	1.1607645452022553E-4
25.5	2.0131997764110565E-4	2.0131997764110565E-4
26.5	8.270927518606186E-5	8.270927518606186E-5
27.5	1.0033534467220306E-4	1.0033534467220306E-4
28.5	2.2376224398612977E-4	2.2376224398612977E-4
29.5	3.545363619923592E-5	3.545363619923592E-5
30.5	7.543209195137024E-4	7.543209195137024E-4
31.5	4.6855028718709944E-5	4.6855028718709944E-5
32.5	1.8253784626722335E-5	1.8253784626722335E-5
33.5	9.59751084446907E-5	9.59751084446907E-5
34.5	8.903516829013824E-5	8.903516829013824E-5
35.5	9.450633823871612E-5	9.450633823871612E-5
36.5	1.43951416015625E-4	1.43951416015625E-4
37.5	3.081723488867283E-5	3.081723488867283E-5
38.5	1.4799471013247966E-5	1.4799471013247966E-5
39.5	9.851370006799697E-6	9.851370006799697E-6
40.5	1.2230130843818188E-5	1.2230130843818188E-5
41.5	1.5452165156602858E-5	1.5452165156602858E-5
42.5	8.576856926083565E-6	8.576856926083565E-6
43.5	1.5368051826953888E-5	1.5368051826953888E-5
44.5	1.1549143120646477E-5	1.1549143120646477E-5
45.5	1.0226363316178322E-5	1.0226363316178322E-5
46.5	2.340892143547535E-5	2.340892143547535E-5
47.5	1.2658418156206607E-5	1.2658418156206607E-5
48.5	2.000794932246208E-5	2.000794932246208E-5
49.5	3.6187808960676195E-5	3.6187808960676195E-5
50.5	3.3657360821962356E-5	3.3657360821962356E-5
51.5	1.4416594058275223E-5	1.4416594058275223E-5
52.5	1.7662925645709037E-5	1.7662925645709037E-5
53.5	1.1239166371524334E-5	1.1239166371524334E-5
54.5	7.868124172091485E-6	7.868124172091485E-6
55.5	3.305017203092575E-5	3.305017203092575E-5
56.5	9.470892138779163E-6	9.470892138779163E-6
57.5	9.062638506293296E-6	9.062638506293296E-6
58.5	7.135210186243058E-5	7.135210186243058E-5
59.5	1.1378425173461437E-5	1.1378425173461437E-5
60.5	3.220882639288902E-5	3.220882639288902E-5
61.5	2.5926070287823676E-5	2.5926070287823676E-5
62.5	5.129117518663407E-5	5.129117518663407E-5
63.5	3.769255056977272E-5	3.769255056977272E-5
64.5	6.322451401501894E-6	6.322451401501894E-6
65.5	5.691277794539928E-6	5.691277794539928E-6
66.5	6.263886578381061E-6	6.263886578381061E-6
67.5	5.218013655394316E-6	5.218013655394316E-6
68.5	9.417470544576646E-6	9.417470544576646E-6
69.5	8.155874907970429E-6	8.155874907970429E-6
70.5	1.4985433779656886E-5	1.4985433779656886E-5
71.5	6.481879856437445E-6	6.481879856437445E-6
72.5	7.589830551296473E-6	7.589830551296473E-6
73.5	4.509261343628168E-6	4.509261343628168E-6
74.5	6.045320071280003E-6	6.045320071280003E-6
75.5	8.099231868982315E-6	8.099231868982315E-6
76.5	1.912722922861576E-5	1.912722922861576E-5
77.5	1.7991725355386735E-5	1.7991725355386735E-5
78.5	2.49751303344965E-5	2.49751303344965E-5
79.5	1.849508471786976E-5	1.849508471786976E-5
80.5	1.553283166140318E-5	1.553283166140318E-5
81.5	1.6334926709532737E-5	1.6334926709532737E-5
82.5	2.026369795203209E-5	2.026369795203209E-5
83.5	4.363501816987991E-5	4.363501816987991E-5
84.5	2.895684912800789E-5	2.895684912800789E-5
85.5	3.527514263987541E-5	3.527514263987541E-5
86.5	4.030949622392654E-5	4.030949622392654E-5
87.5	4.9190592020750045E-5	4.9190592020750045E-5
88.5	5.84702268242836E-5	5.84702268242836E-5
89.5	6.745415925979614E-5	6.745415925979614E-5
90.5	7.966659963130951E-5	7.966659963130951E-5
91.5	6.992729008197784E-5	6.992729008197784E-5
92.5	2.3406961932778358E-5	2.3406961932778358E-5
93.5	2.4442130699753762E-5	2.4442130699753762E-5
94.5	1.7884725704789163E-5	1.7884725704789163E-5
95.5	1.4607182703912259E-5	1.4607182703912259E-5
96.5	1.0646761395037174E-5	1.0646761395037174E-5
97.5	1.6997706890106202E-4	1.6997706890106202E-4
98.5	2.122868597507477E-5	2.122868597507477E-5
99.5	3.166720643639565E-5	3.166720643639565E-5
100.5	1.6800735145807265E-5	1.6800735145807265E-5
101.5	1.901770569384098E-5	1.901770569384098E-5
102.5	1.606975942850113E-4	1.606975942850113E-4
103.5	1.3767515122890472E-4	1.3767515122890472E-4
104.5	2.6073765009641646E-5	2.6073765009641646E-5
105.5	2.1759314462542533E-5	2.1759314462542533E-5
106.5	2.301909402012825E-5	2.301909402012825E-5
107.5	2.5607150048017503E-5	2.5607150048017503E-5
108.5	4.143495485186577E-5	4.143495485186577E-5
109.5	2.8829077258706094E-5	2.8829077258706094E-5
110.5	3.276538103818893E-5	3.276538103818893E-5
111.5	3.0562633648514745E-5	3.0562633648514745E-5
112.5	3.130747750401497E-5	3.130747750401497E-5
113.5	2.195896580815315E-5	2.195896580815315E-5
114.5	2.4801071733236313E-5	2.4801071733236313E-5
115.5	2.7588626369833948E-5	2.7588626369833948E-5
116.5	2.9423385858535766E-5	2.9423385858535766E-5
117.5	1.147482842206955E-4	1.147482842206955E-4
118.5	4.135071858763695E-5	4.135071858763695E-5
119.5	7.483862340450287E-5	7.483862340450287E-5
120.5	2.3749592900276185E-4	2.3749592900276185E-4
121.5	0.009683951377868653	0.009683951377868653
122.5	8.562812954187393E-5	8.562812954187393E-5
123.5	5.5381588637828825E-5	5.5381588637828825E-5
124.5	4.05443012714386E-5	4.05443012714386E-5
125.5	3.50697934627533E-5	3.50697934627533E-5
126.5	5.277261883020401E-5	5.277261883020401E-5
127.5	2.4874048307538033E-5	2.4874048307538033E-5
128.5	1.9489839673042298E-5	1.9489839673042298E-5
129.5	2.4621322751045227E-5	2.4621322751045227E-5
130.5	1.9607672095298768E-4	1.9607672095298768E-4
131.5	3.027859516441822E-5	3.027859516441822E-5
132.5	2.507953718304634E-5	2.507953718304634E-5
133.5	2.7303597331047055E-4	2.7303597331047055E-4
134.5	2.335401810705662E-5	2.335401810705662E-5
135.5	5.130631104111672E-5	5.130631104111672E-5
136.5	3.306758776307106E-5	3.306758776307106E-5
137.5	3.524552658200264E-5	3.524552658200264E-5
138.5	3.4252569079399107E-5	3.4252569079399107E-5
139.5	1.1071132868528367E-4	1.1071132868528367E-4
140.5	8.84927436709404E-5	8.84927436709404E-5
141.5	4.823971539735794E-5	4.823971539735794E-5
142.5	5.128583312034607E-5	5.128583312034607E-5
143.5	5.9084657579660414E-5	5.9084657579660414E-5
144.5	5.7640735059976574E-5	5.7640735059976574E-5
145.5	6.16481527686119E-5	6.16481527686119E-5
146.5	7.6008640229702E-5	7.6008640229702E-5
147.5	9.15852040052414E-5	9.15852040052414E-5
148.5	9.459125995635987E-5	9.459125995635987E-5
149.5	8.558271825313569E-5	8.558271825313569E-5
150.5	9.574182331562042E-5	9.574182331562042E-5
151.5	1.0399308800697327E-4	1.0399308800697327E-4
152.5	1.3296981155872344E-4	1.3296981155872344E-4
153.5	1.4607171714305878E-4	1.4607171714305878E-4
154.5	2.5888344645500183E-4	2.5888344645500183E-4
155.5	2.2234578430652618E-4	2.2234578430652618E-4
156.5	2.139820009469986E-4	2.139820009469986E-4
157.5	1.868849992752075E-4	1.868849992752075E-4
158.5	1.8379446864128112E-4	1.8379446864128112E-4
159.5	1.7816758155822754E-4	1.7816758155822754E-4
160.5	2.004162222146988E-4	2.004162222146988E-4
161.5	2.3517747223377228E-4	2.3517747223377228E-4
162.5	2.724722921848297E-4	2.724722921848297E-4
163.5	2.9487711191177366E-4	2.9487711191177366E-4
164.5	3.4965357184410094E-4	3.4965357184410094E-4
165.5	5.41908085346222E-4	5.41908085346222E-4
166.5	3.579331338405609E-4	3.579331338405609E-4
167.5	4.438211917877197E-4	4.438211917877197E-4
168.5	4.6483492851257327E-4	4.6483492851257327E-4
169.5	6.135609745979309E-4	6.135609745979309E-4
170.5	7.097976803779602E-4	7.122272253036499E-4
171.5	7.224745750427246E-4	7.206172943115234E-4
172.5	7.836256623268128E-4	7.885078191757202E-4
173.5	7.848981022834778E-4	7.890155911445618E-4
174.5	9.631830453872681E-4	9.68300461769104E-4
175.5	0.0011847432851791382	0.0011874918937683106
176.5	0.001272992491722107	0.001281675100326538
177.5	0.0015599663257598877	0.001569587230682373
178.5	0.0017304356098175049	0.0017469676733016968
179.5	0.0017232115268707275	0.0017407264709472657
180.5	0.0021634390354156492	0.002183136463165283
181.5	0.002607531785964966	0.002630828857421875
182.5	0.0024217865467071535	0.0024361217021942137
183.5	0.0026071627140045166	0.0026253876686096194
184.5	0.002257124185562134	0.0022759828567504884
185.5	0.0025847692489624026	0.00259963059425354
186.5	0.0030002174377441407	0.0030187499523162842
187.5	0.0033633100986480715	0.003381908655166626
188.5	0.0035938146114349364	0.0036243202686309815
189.5	0.004000514507293701	0.004021414756774902
190.5	0.004190678596496582	0.004216234683990478
191.5	0.0044641180038452145	0.004500260829925537
192.5	0.004815742015838623	0.004840579509735108
193.5	0.0036961681842803953	0.00373016619682312
194.5	0.006097586631774903	0.006148189544677734
195.5	0.00590547513961792	0.0059614753723144535
196.5	0.006660895824432373	0.0066950244903564455
197.5	0.0067533087730407716	0.00678313684463501
198.5	0.006778459548950195	0.006807202339172363
199.5	0.007351592063903809	0.007400161266326905
200.5	0.008012605667114257	0.008048112869262696
201.5	0.008895550727844238	0.008950221061706542
202.5	0.008803319931030274	0.008847225189208984
203.5	0.010166727066040038	0.010229652404785156
204.5	0.011281935691833497	0.011347994804382325
205.5	0.01160008716583252	0.011671667098999023
206.5	0.012012172698974609	0.012087359428405761
207.5	0.01385976505279541	0.013934014320373535
208.5	0.015769532203674316	0.015892906188964842
209.5	0.02261435890197754	0.022657102584838867
210.5	0.029211027145385742	0.0292482852935791
211.5	0.035068172454833985	0.035136775970458986
212.5	0.03364281463623047	0.03376027297973633
213.5	0.030340621948242188	0.03048638153076172
214.5	0.04307889938354492	0.04327116394042969
215.5	0.035509410858154296	0.03567155838012695
216.5	0.034156570434570314	0.034222118377685545
217.5	0.03322108840942383	0.033247241973876955
218.5	0.047055461883544925	0.04714536666870117
219.5	0.04909100723266602	0.04928708267211914
220.5	0.048516510009765625	0.04866516876220703
221.5	0.03443820953369141	0.03454127883911133
222.5	0.05069736480712891	0.05074039840698242
223.5	0.0644974365234375	0.06461874389648438
224.5	0.05923390579223633	0.05940432739257812
225.5	0.05234579849243164	0.052453815460205076
226.5	0.03701313018798828	0.037224464416503907
227.5	0.037410079956054686	0.03742946624755859
228.5	0.05330728530883789	0.053499698638916016
229.5	0.04513183975219726	0.04529522323608398
230.5	0.05522377014160156	0.05534033203125
231.5	0.047617294311523437	0.04784206771850586
232.5	0.051346405029296875	0.05149470138549805
233.5	0.04329565048217773	0.043437606811523435
234.5	0.03507542037963867	0.0352205924987793
235.5	0.05620473098754883	0.056310470581054685
236.5	0.043484413146972656	0.04360499954223633
237.5	0.052692905426025394	0.05286745834350586
238.5	0.03636189651489258	0.03651615905761719
239.5	0.04464270401000976	0.04471707916259766
240.5	0.04088442611694336	0.04097380065917969
241.5	0.04770857620239258	0.047796638488769534
242.5	0.07106993103027344	0.07137425231933593
243.5	0.06482157135009765	0.06496572113037109
244.5	0.06167330551147461	0.06188914489746094
245.5	0.048815929412841796	0.04893759918212891
246.5	0.048802207946777344	0.048856353759765624
247.5	0.05626613998413086	0.05641806411743164
248.5	0.04368036651611328	0.04380810165405274
249.5	0.05567107009887695	0.05573067474365234
250.5	0.05856042861938476	0.05875190353393555
251.5	0.045621746063232424	0.04561011505126953
252.5	0.040108085632324215	0.04020946502685547
253.5	0.05142648696899414	0.05151218414306641
254.5	0.05703855895996094	0.05714198684692383
255.5	0.08090771484375	0.08089649963378906
256.5	0.09615148162841797	0.09688936614990235
257.5	0.1197961196899414	0.12014517211914062
258.5	0.12722547912597656	0.12743218231201173
259.5	0.10681695556640625	0.1071840362548828
260.5	0.08697222900390625	0.08723502349853515
261.5	0.084954345703125	0.08516405487060547
262.5	0.10737190246582032	0.10757065582275391
263.5	0.15669566345214844	0.15662905883789063
264.5	0.2432267303466797	0.24384780883789062
265.5	0.26346640014648437	0.26416476440429687
266.5	0.26550827026367185	0.265852294921875
267.5	0.2627616577148438	0.26306863403320313
268.5	0.25930865478515625	0.2600527648925781
269.5	0.25649404907226564	0.25640325927734375
270.5	0.2786824951171875	0.2795698547363281
271.5	0.2496837921142578	0.2497772216796875
272.5	0.2132967529296875	0.2142220916748047
273.5	0.21510922241210936	0.21546272277832032
274.5	0.15072676086425782	0.15061407470703125
275.5	0.18377178955078124	0.18501271057128907
276.5	0.24889134216308595	0.24936087036132812
277.5	0.24631192016601564	0.24642872619628906
278.5	0.17610697937011718	0.1756487579345703
279.5	0.10310508728027344	0.10370035552978515
280.5	0.10546227264404297	0.1061065444946289
281.5	0.20881221008300782	0.20896900939941407
282.5	0.3018714294433594	0.30250234985351565
283.5	0.3272708740234375	0.3274134521484375
284.5	0.25789019775390626	0.2580904541015625
285.5	0.18346884155273438	0.18382421875
286.5	0.3184700012207031	0.31940359497070314
287.5	0.35831082153320315	0.35942449951171873
288.5	0.34514447021484373	0.3452482299804687
289.5	0.481925537109375	0.4834677429199219
290.5	0.6188621826171875	0.6196807250976563
291.5	0.608106201171875	0.6100708618164062
292.5	0.5542831420898438	0.5554794921875
293.5	0.5536433715820313	0.5544026489257813
294.5	0.5339547729492188	0.5352662353515625
295.5	0.5640690307617188	0.5661566772460938
296.5	0.5411280517578125	0.5420926513671875
297.5	0.5201077880859375	0.52141162109375
298.5	0.49894979858398436	0.49944842529296873
299.5	0.5007828369140624	0.5029295043945312
300.5	0.4548498229980469	0.4561593933105469
301.5	0.4760449523925781	0.4768149719238281
302.5	0.5067608032226563	0.5082554016113281
303.5	0.6465323486328125	0.6483919067382813
304.5	0.6340935668945312	0.63603173828125
305.5	0.6284178466796875	0.629384521484375
306.5	0.5902708129882812	0.5923834838867188
307.5	0.650632568359375	0.6518827514648438
308.5	0.6476511840820313	0.6497772827148437
309.5	0.552267578125	0.5538319091796875
310.5	0.6196619873046875	0.621632568359375
311.5	0.7573795166015626	0.7596869506835937
312.5	0.6905972900390625	0.6922711181640625
313.5	0.7207584228515626	0.7215640258789062
314.5	0.7020333251953125	0.703682861328125
315.5	0.6645027465820312	0.6666130981445313
316.5	0.64489990234375	0.645769287109375
317.5	0.7865574951171875	0.7889227294921874
318.5	0.702887451171875	0.7044595947265625
319.5	0.727481201171875	0.7298723754882812
320.5	0.8160087280273437	0.8186043090820313
321.5	0.7314955444335938	0.733599365234375
322.5	0.7169493408203125	0.7200506591796875
323.5	0.6858941040039063	0.6881334228515625
324.5	0.7780109252929688	0.78022216796875
325.5	0.8953599243164062	0.89646875
326.5	1.0101832885742188	1.0143555908203126
327.5	0.9897537841796875	0.9930121459960938
328.5	0.958079345703125	0.9610208129882812
329.5	1.083037353515625	1.0836893310546876
330.5	1.069044677734375	1.0722923583984374
331.5	1.0012686157226562	1.0042988891601563
332.5	0.9948500366210937	0.99679736328125
333.5	0.962419921875	0.9646500854492187
334.5	0.9924644775390625	0.9941093139648437
335.5	0.9884915771484375	0.9899581909179688
336.5	0.8603450317382813	0.8627630615234375
337.5	0.8738468627929687	0.8758410034179688
338.5	0.9532379760742188	0.956414794921875
339.5	1.0011434326171875	1.0048291625976562
340.5	1.0544853515625	1.057865234375
341.5	0.9796371459960938	0.9817656860351562
342.5	1.0299537353515624	1.0327535400390624
343.5	0.9984981079101563	0.9991204833984375
344.5	0.8548640747070313	0.85643408203125
345.5	0.9718858032226563	0.9752659301757812
346.5	0.9715780639648437	0.974517333984375
347.5	0.9554203491210937	0.9600335693359375
348.5	0.944549560546875	0.9473336181640625
349.5	0.936865966796875	0.940164794921875
350.5	1.07269970703125	1.0751810302734375
351.5	1.03590673828125	1.0405169677734376
352.5	0.9650491943359375	0.9683732299804687
353.5	1.0485921630859374	1.0527850341796876
354.5	1.149865478515625	1.1556385498046875
355.5	1.102120361328125	1.1058375244140626
356.5	0.9818193359375	0.98509033203125
357.5	0.8522462158203125	0.8559000854492187
358.5	0.75965673828125	0.765164794921875
359.5	1.0018273315429687	1.006502685546875
360.5	1.0566134033203125	1.0622767333984375
361.5	0.9332045288085937	0.9359461059570312
362.5	1.015156005859375	1.0201903076171874
363.5	1.0417701416015626	1.0491116943359375
364.5	1.0530194091796874	1.059214599609375
365.5	1.1730228271484375	1.1781300048828125
366.5	1.2866705322265626	1.2938927001953124
367.5	1.236792236328125	1.2448416748046875
368.5	1.1685687255859376	1.17382861328125
369.5	1.26239404296875	1.2685487060546874
370.5	1.2197735595703125	1.223510498046875
371.5	1.2151702880859374	1.2182369384765626
372.5	1.112857421875	1.116213134765625
373.5	0.9776345825195313	0.979384765625
374.5	0.9426090087890625	0.9438712158203125
375.5	1.0654345703125	1.0676026611328124
376.5	1.1351478271484374	1.13460546875
377.5	1.27583251953125	1.27478466796875
378.5	1.3659195556640624	1.366812744140625
379.5	1.1639298095703126	1.16424609375
380.5	1.2288624267578125	1.2268114013671876
381.5	1.1700521240234374	1.1703240966796875
382.5	0.8606424560546875	0.8623551635742187
383.5	0.7456390380859375	0.7421481323242187
384.5	0.9444822387695313	0.9393658447265625
385.5	1.047337158203125	1.0433878173828126
386.5	1.029570556640625	1.025561279296875
387.5	1.0302467041015626	1.028912353515625
388.5	1.0095958862304688	1.0062738037109376
389.5	1.14909033203125	1.146161376953125
390.5	1.265915771484375	1.262103759765625
391.5	1.3410694580078124	1.3398116455078124
392.5	1.0851455078125	1.0859854736328125
393.5	0.6570318603515625	0.6564599609375
394.5	0.9553605346679688	0.9526810302734375
395.5	1.280926025390625	1.2812418212890626
396.5	0.9731990966796875	0.97380810546875
397.5	0.8764407348632812	0.8676836547851563
398.5	1.551583984375	1.55180908203125
399.5	1.6651578369140625	1.664038330078125
400.5	1.665799072265625	1.665799072265625
401.5	1.74897119140625	1.74897119140625
402.5	1.767537841796875	1.767537841796875
403.5	1.7216434326171874	1.7216434326171874
404.5	1.6950245361328125	1.6950245361328125
405.5	1.6748990478515624	1.6748990478515624
406.5	1.6210513916015625	1.6210513916015625
407.5	1.649359130859375	1.649359130859375
408.5	1.770829345703125	1.770829345703125
409.5	1.720135986328125	1.720135986328125
410.5	1.5900726318359375	1.5900726318359375
411.5	1.8215791015625	1.8215791015625
412.5	1.807122802734375	1.807122802734375
413.5	1.7800396728515624	1.7800396728515624
414.5	1.8040870361328125	1.8040870361328125
415.5	1.7825142822265625	1.7825142822265625
416.5	1.832194580078125	1.832194580078125
417.5	1.7344215087890624	1.7344215087890624
418.5	1.7324283447265625	1.7324283447265625
419.5	1.72292822265625	1.72292822265625
420.5	1.7610899658203125	1.7610899658203125
421.5	1.867140380859375	1.867140380859375
422.5	1.7141781005859376	1.7141781005859376
423.5	1.7206153564453126	1.7206153564453126
424.5	1.7638690185546875	1.7638690185546875
425.5	1.7173662109375	1.7173662109375
426.5	1.7261295166015624	1.7261295166015624
427.5	1.6589307861328124	1.6589307861328124
428.5	1.6774215087890625	1.6774215087890625
429.5	1.489654541015625	1.489654541015625
430.5	1.2161029052734376	1.2161029052734376
431.5	1.56212451171875	1.56212451171875
432.5	1.7634742431640624	1.7634742431640624
433.5	1.69542333984375	1.69542333984375
434.5	1.622423583984375	1.622423583984375
435.5	1.8019521484375	1.8019521484375
436.5	1.8932742919921874	1.8932742919921874
437.5	1.810237060546875	1.810237060546875
438.5	1.6800799560546875	1.6800799560546875
439.5	1.8005001220703125	1.8005001220703125
440.5	1.8079949951171874	1.8079949951171874
441.5	1.918572265625	1.918572265625
442.5	1.9837821044921875	1.9837821044921875
443.5	1.9648446044921875	1.9648446044921875
444.5	2.004968017578125	2.004968017578125
445.5	1.90848388671875	1.90848388671875
446.5	1.8971048583984376	1.8971048583984376
447.5	2.0383699951171876	2.0383699951171876
448.5	2.0413365478515626	2.0413365478515626
449.5	2.0587490234375	2.0587490234375
450.5	2.16696728515625	2.16696728515625
451.5	2.158322998046875	2.158322998046875
452.5	2.019056640625	2.019056640625
453.5	1.9710675048828126	1.9710675048828126
454.5	2.057473876953125	2.057473876953125
455.5	2.0513779296875	2.0513779296875
456.5	2.1233017578125	2.1233017578125
457.5	2.122867919921875	2.122867919921875
458.5	2.062791748046875	2.062791748046875
459.5	2.06075244140625	2.06075244140625
460.5	2.0895234375	2.0895234375
461.5	2.13493408203125	2.13493408203125
462.5	2.141962890625	2.141962890625
463.5	2.11630615234375	2.11630615234375
464.5	2.0433106689453124	2.0433106689453124
465.5	2.0598857421875	2.0598857421875
466.5	2.0219681396484375	2.0219681396484375
467.5	2.0114381103515626	2.0114381103515626
468.5	2.052991943359375	2.052991943359375
469.5	2.04859375	2.04859375
470.5	1.976744873046875	1.976744873046875
471.5	2.0590224609375	2.0590224609375
472.5	2.106137939453125	2.106137939453125
473.5	2.0433240966796875	2.0433240966796875
474.5	2.11270654296875	2.11270654296875
475.5	2.09268212890625	2.09268212890625
476.5	2.0474423828125	2.0474423828125
477.5	2.122356689453125	2.122356689453125
478.5	2.110216796875	2.110216796875
479.5	2.11547900390625	2.11547900390625
480.5	2.1062666015625	2.1062666015625
481.5	2.130368408203125	2.130368408203125
482.5	2.11255419921875	2.11255419921875
483.5	2.070727294921875	2.070727294921875
484.5	2.0446434326171876	2.0446434326171876
485.5	1.8743780517578126	1.8743780517578126
486.5	1.6985496826171875	1.6985496826171875
487.5	1.90809375	1.90809375
488.5	1.9540533447265624	1.9540533447265624
489.5	1.9972457275390625	1.9972457275390625
490.5	2.058251220703125	2.058251220703125
491.5	1.953758544921875	1.953758544921875
492.5	1.933381591796875	1.933381591796875
493.5	1.99510498046875	1.99510498046875
494.5	2.0315377197265625	2.0315377197265625
495.5	2.01465625	2.01465625
496.5	2.007008056640625	2.007008056640625
497.5	2.0239296875	2.0239296875
498.5	1.94694482421875	1.94694482421875
499.5	1.99827978515625	1.99827978515625
500.5	1.9554871826171876	1.9554871826171876
501.5	1.9506094970703125	1.9506094970703125
502.5	1.949808349609375	1.949808349609375
503.5	1.952417724609375	1.952417724609375
504.5	1.957779052734375	1.957779052734375
505.5	1.9630284423828126	1.9630284423828126
506.5	1.9668388671875	1.9668388671875
507.5	1.96681982421875	1.96681982421875
508.5	1.96370654296875	1.96370654296875
509.5	1.9581678466796875	1.9581678466796875
510.5	1.9485107421875	1.9485107421875
511.5	1.9309112548828125	1.9309112548828125
512.5	1.9089368896484376	1.9089368896484376
513.5	1.886806640625	1.886806640625
514.5	1.8664971923828124	1.8664971923828124
515.5	1.848485107421875	1.848485107421875
516.5	1.833772216796875	1.833772216796875
517.5	1.82417724609375	1.82417724609375
518.5	1.8280419921875	1.8280419921875
519.5	1.836986572265625	1.836986572265625
520.5	1.8466151123046874	1.8466151123046874
521.5	1.8564364013671875	1.8564364013671875
522.5	1.86693408203125	1.86693408203125
523.5	1.8788660888671875	1.8788660888671875
524.5	1.888773681640625	1.888773681640625
525.5	1.895327392578125	1.895327392578125
526.5	1.8992783203125	1.8992783203125
527.5	1.9029215087890625	1.9029215087890625
528.5	1.91033056640625	1.91033056640625
529.5	1.917656982421875	1.917656982421875
530.5	1.922426513671875	1.922426513671875
531.5	1.9248834228515626	1.9248834228515626
532.5	1.92552783203125	1.92552783203125
533.5	1.9247901611328124	1.9247901611328124
534.5	1.9229765625	1.9229765625
535.5	1.919798095703125	1.919798095703125
536.5	1.9130701904296874	1.9130701904296874
537.5	1.907077392578125	1.907077392578125
538.5	1.9016573486328125	1.9016573486328125
539.5	1.8970927734375	1.8970927734375
540.5	1.8941566162109376	1.8941566162109376
541.5	1.8923447265625	1.8923447265625
542.5	1.89154931640625	1.89154931640625
543.5	1.891408447265625	1.891408447265625
544.5	1.8921187744140624	1.8921187744140624
545.5	1.892868408203125	1.892868408203125
546.5	1.8933349609375	1.8933349609375
547.5	1.8940330810546875	1.8940330810546875
548.5	1.8941641845703125	1.8941641845703125
549.5	1.893604248046875	1.893604248046875
550.5	1.891206298828125	1.891206298828125
551.5	1.8876146240234375	1.8876146240234375
552.5	1.8832530517578125	1.8832530517578125
553.5	1.8791827392578124	1.8791827392578124
554.5	1.874520751953125	1.874520751953125
555.5	1.8694014892578126	1.8694014892578126
556.5	1.8639151611328124	1.8639151611328124
557.5	1.8585848388671875	1.8585848388671875
558.5	1.8539742431640625	1.8539742431640625
559.5	1.851248046875	1.851248046875
560.5	1.84954541015625	1.84954541015625
561.5	1.8480479736328126	1.8480479736328126
562.5	1.8467144775390625	1.8467144775390625
563.5	1.8457320556640624	1.8457320556640624
564.5	1.845262939453125	1.845262939453125
565.5	1.8461820068359376	1.8461820068359376
566.5	1.847111328125	1.847111328125
567.5	1.8481417236328126	1.8481417236328126
568.5	1.848554931640625	1.848554931640625
569.5	1.8489859619140625	1.8489859619140625
570.5	1.8492535400390624	1.8492535400390624
571.5	1.8498787841796875	1.8498787841796875
572.5	1.8509139404296875	1.8509139404296875
573.5	1.8515263671875	1.8515263671875
574.5	1.8517420654296874	1.8517420654296874
575.5	1.8514752197265625	1.8514752197265625
576.5	1.8503770751953126	1.8503770751953126
577.5	1.8490548095703125	1.8490548095703125
578.5	1.84732958984375	1.84732958984375
579.5	1.844647705078125	1.844647705078125
580.5	1.8409310302734374	1.8409310302734374
581.5	1.8360155029296874	1.8360155029296874
582.5	1.8305509033203125	1.8305509033203125
583.5	1.82533251953125	1.82533251953125
584.5	1.819866943359375	1.819866943359375
585.5	1.814288330078125	1.814288330078125
586.5	1.808984375	1.808984375
587.5	1.8038643798828125	1.8038643798828125
588.5	1.7997098388671875	1.7997098388671875
589.5	1.79577099609375	1.79577099609375
590.5	1.7931634521484374	1.7931634521484374
591.5	1.7910223388671875	1.7910223388671875
592.5	1.789477294921875	1.789477294921875
593.5	1.7877130126953125	1.7877130126953125
594.5	1.785976318359375	1.785976318359375
595.5	1.7843946533203126	1.7843946533203126
596.5	1.7828983154296876	1.7828983154296876
597.5	1.780901123046875	1.780901123046875
598.5	1.77876611328125	1.77876611328125
599.5	1.77554052734375	1.77554052734375
600.5	1.7721630859375	1.7721630859375
601.5	1.768349853515625	1.768349853515625
602.5	1.7642818603515624	1.7642818603515624
603.5	1.759986083984375	1.759986083984375
604.5	1.7552232666015626	1.7552232666015626
605.5	1.750167724609375	1.750167724609375
606.5	1.7442098388671874	1.7442098388671874
607.5	1.7376510009765624	1.7376510009765624
608.5	1.7315684814453125	1.7315684814453125
609.5	1.7259583740234374	1.7259583740234374
610.5	1.7203876953125	1.7203876953125
611.5	1.714695068359375	1.714695068359375
612.5	1.709024169921875	1.709024169921875
613.5	1.7035667724609376	1.7035667724609376
614.5	1.6982470703125	1.6982470703125
615.5	1.69313818359375	1.69313818359375
616.5	1.6897235107421875	1.6897235107421875
617.5	1.686466796875	1.686466796875
618.5	1.6843319091796876	1.6843319091796876
619.5	1.6820311279296876	1.6820311279296876
620.5	1.6792764892578125	1.6792764892578125
621.5	1.67655322265625	1.67655322265625
622.5	1.6735194091796874	1.6735194091796874
623.5	1.6705867919921875	1.6705867919921875
624.5	1.668032470703125	1.668032470703125
625.5	1.665783935546875	1.665783935546875
626.5	1.6635467529296875	1.6635467529296875
627.5	1.661267333984375	1.661267333984375
628.5	1.65811376953125	1.65811376953125
629.5	1.6547666015625	1.6547666015625
630.5	1.6512154541015625	1.6512154541015625
631.5	1.647505859375	1.647505859375
632.5	1.6441834716796875	1.6441834716796875
633.5	1.6412108154296876	1.6412108154296876
634.5	1.6380615234375	1.6380615234375
635.5	1.6348153076171874	1.6348153076171874
636.5	1.6314569091796876	1.6314569091796876
637.5	1.6277237548828125	1.6277237548828125
638.5	1.6240072021484375	1.6240072021484375
639.5	1.620272705078125	1.620272705078125
640.5	1.616445556640625	1.616445556640625
641.5	1.6128603515625	1.6128603515625
642.5	1.60885986328125	1.60885986328125
643.5	1.6033900146484374	1.6033900146484374
644.5	1.598296875	1.598296875
645.5	1.592376708984375	1.592376708984375
646.5	1.585950439453125	1.585950439453125
647.5	1.580057861328125	1.580057861328125
648.5	1.5743380126953126	1.5743380126953126
649.5	1.568699951171875	1.568699951171875
650.5	1.5633756103515626	1.5633756103515626
651.5	1.5581578369140625	1.5581578369140625
652.5	1.553219482421875	1.553219482421875
653.5	1.54859375	1.54859375
654.5	1.5445584716796874	1.5445584716796874
655.5	1.5410015869140625	1.5410015869140625
656.5	1.538269775390625	1.538269775390625
657.5	1.5372977294921875	1.5372977294921875
658.5	1.5363514404296874	1.5363514404296874
659.5	1.53628564453125	1.53628564453125
660.5	1.5364453125	1.5364453125
661.5	1.5362620849609374	1.5362620849609374
662.5	1.5358135986328125	1.5358135986328125
663.5	1.53544970703125	1.53544970703125
664.5	1.5348406982421876	1.5348406982421876
665.5	1.5341971435546875	1.5341971435546875
666.5	1.5334403076171874	1.5334403076171874
667.5	1.532566650390625	1.532566650390625
668.5	1.5312789306640624	1.5312789306640624
669.5	1.529535400390625	1.529535400390625
670.5	1.5275433349609375	1.5275433349609375
671.5	1.5242755126953125	1.5242755126953125
672.5	1.5207374267578124	1.5207374267578124
673.5	1.5174107666015626	1.5174107666015626
674.5	1.5141141357421875	1.5141141357421875
675.5	1.5107557373046876	1.5107557373046876
676.5	1.5073629150390624	1.5073629150390624
677.5	1.5039010009765625	1.5039010009765625
678.5	1.500422119140625	1.500422119140625
679.5	1.496657470703125	1.496657470703125
680.5	1.4930980224609376	1.4930980224609376
681.5	1.48947314453125	1.48947314453125
682.5	1.4860589599609375	1.4860589599609375
683.5	1.48242041015625	1.48242041015625
684.5	1.4787969970703125	1.4787969970703125
685.5	1.475144287109375	1.475144287109375
686.5	1.4713466796875	1.4713466796875
687.5	1.4675408935546874	1.4675408935546874
688.5	1.4637213134765625	1.4637213134765625
689.5	1.4598900146484375	1.4598900146484375
690.5	1.4560440673828126	1.4560440673828126
691.5	1.452181884765625	1.452181884765625
692.5	1.448235107421875	1.448235107421875
693.5	1.4443507080078124	1.4443507080078124
694.5	1.4406326904296876	1.4406326904296876
695.5	1.4369398193359375	1.4369398193359375
696.5	1.4332401123046874	1.4332401123046874
697.5	1.4295760498046874	1.4295760498046874
698.5	1.4259774169921875	1.4259774169921875
699.5	1.422376708984375	1.422376708984375
700.5	1.4188060302734375	1.4188060302734375
701.5	1.415236083984375	1.415236083984375
702.5	1.41171435546875	1.41171435546875
703.5	1.4082664794921875	1.4082664794921875
704.5	1.4047274169921875	1.4047274169921875
705.5	1.4011307373046875	1.4011307373046875
706.5	1.3974609375	1.3974609375
707.5	1.39382763671875	1.39382763671875
708.5	1.3901297607421874	1.3901297607421874
709.5	1.3864437255859374	1.3864437255859374
710.5	1.382751708984375	1.382751708984375
711.5	1.378989501953125	1.378989501953125
712.5	1.375285400390625	1.375285400390625
713.5	1.37155419921875	1.37155419921875
714.5	1.36794921875	1.36794921875
715.5	1.3642076416015625	1.3642076416015625
716.5	1.3606619873046875	1.3606619873046875
717.5	1.35707421875	1.35707421875
718.5	1.3535465087890626	1.3535465087890626
719.5	1.3501817626953125	1.3501817626953125
720.5	1.346826171875	1.346826171875
721.5	1.3434871826171875	1.3434871826171875
722.5	1.3402581787109376	1.3402581787109376
723.5	1.3370421142578126	1.3370421142578126
724.5	1.3337996826171874	1.3337996826171874
725.5	1.3305274658203126	1.3305274658203126
726.5	1.3272537841796874	1.3272537841796874
727.5	1.324034912109375	1.324034912109375
728.5	1.320908447265625	1.320908447265625
729.5	1.31784130859375	1.31784130859375
730.5	1.3147828369140624	1.3147828369140624
731.5	1.311831298828125	1.311831298828125
732.5	1.308930908203125	1.308930908203125
733.5	1.305964599609375	1.305964599609375
734.5	1.3029803466796874	1.3029803466796874
735.5	1.29983447265625	1.29983447265625
736.5	1.2968673095703125	1.2968673095703125
737.5	1.2939267578125	1.2939267578125
738.5	1.2910328369140625	1.2910328369140625
739.5	1.2881812744140626	1.2881812744140626
740.5	1.2854949951171875	1.2854949951171875
741.5	1.2828299560546874	1.2828299560546874
742.5	1.2802239990234374	1.2802239990234374
743.5	1.2778218994140624	1.2778218994140624
744.5	1.275395263671875	1.275395263671875
745.5	1.272975830078125	1.272975830078125
746.5	1.2704666748046876	1.2704666748046876
747.5	1.2680364990234374	1.2680364990234374
748.5	1.265523681640625	1.265523681640625
749.5	1.2629053955078124	1.2629053955078124
752.5	1.25498046875	1.25498046875
757.5	1.2417498779296876	1.2417498779296876
762.5	1.227423583984375	1.227423583984375
767.5	1.2133978271484376	1.2133978271484376
772.5	1.2006905517578126	1.2006905517578126
777.5	1.1876861572265625	1.1876861572265625
782.5	1.17458056640625	1.17458056640625
787.5	1.160502685546875	1.160502685546875
792.5	1.1460272216796874	1.1460272216796874
797.5	1.1323248291015624	1.1323248291015624
802.5	1.1182059326171876	1.1182059326171876
807.5	1.1049017333984374	1.1049017333984374
812.5	1.0918709716796875	1.0918709716796875
817.5	1.0784622802734376	1.0784622802734376
822.5	1.0659315185546876	1.0659315185546876
827.5	1.053669921875	1.053669921875
832.5	1.0393175048828125	1.0393175048828125
837.5	1.0239701538085937	1.0239701538085937
842.5	1.0084978637695312	1.0084978637695312
847.5	0.9914889526367188	0.9914889526367188
852.5	0.9768165893554688	0.9768165893554688
857.5	0.9656514282226563	0.9656514282226563
862.5	0.9557897338867187	0.9557897338867187
867.5	0.9478529663085937	0.9478529663085937
872.5	0.9422265625	0.9422265625
877.5	0.9354883422851562	0.9354883422851562
882.5	0.9279989624023437	0.9279989624023437
887.5	0.9201915283203125	0.9201915283203125
892.5	0.9114413452148438	0.9114413452148438
897.5	0.9016975708007813	0.9016975708007813
902.5	0.8911949462890625	0.8911949462890625
907.5	0.8813569946289063	0.8813569946289063
912.5	0.8716134643554687	0.8716134643554687
917.5	0.8618734130859375	0.8618734130859375
922.5	0.852017333984375	0.852017333984375
927.5	0.8427448120117188	0.8427448120117188
932.5	0.8332135620117187	0.8332135620117187
937.5	0.8233677368164063	0.8233677368164063
942.5	0.8144143676757812	0.8144143676757812
947.5	0.80643994140625	0.80643994140625
952.5	0.7970015258789063	0.7970015258789063
957.5	0.7888460693359375	0.7888460693359375
962.5	0.78204541015625	0.78204541015625
967.5	0.7757501220703125	0.7757501220703125
972.5	0.7690574340820312	0.7690574340820312
977.5	0.7616397705078125	0.7616397705078125
982.5	0.7535985107421875	0.7535985107421875
987.5	0.7454351806640624	0.7454351806640624
992.5	0.737060791015625	0.737060791015625
997.5	0.7288067016601563	0.7288067016601563
1002.5	0.7209791259765626	0.7209791259765626
1007.5	0.7138248291015625	0.7138248291015625
1012.5	0.7068713989257812	0.7068713989257812
1017.5	0.6999465942382812	0.6999465942382812
1022.5	0.6931618041992188	0.6931618041992188
1027.5	0.6864779663085937	0.6864779663085937
1032.5	0.6795806274414062	0.6795806274414062
1037.5	0.6723864135742188	0.6723864135742188
1042.5	0.6651676025390625	0.6651676025390625
1047.5	0.6577750244140625	0.6577750244140625
1052.5	0.6500358276367187	0.6500358276367187
1057.5	0.6418544311523438	0.6418544311523438
1062.5	0.633405517578125	0.633405517578125
1067.5	0.6251177368164063	0.6251177368164063
1072.5	0.6170230102539063	0.6170230102539063
1077.5	0.6095217895507813	0.6095217895507813
1082.5	0.6027100830078125	0.6027100830078125
1087.5	0.5967481689453125	0.5967481689453125
1092.5	0.591358642578125	0.591358642578125
1097.5	0.586254638671875	0.586254638671875
1102.5	0.5815256958007813	0.5815256958007813
1107.5	0.576612548828125	0.576612548828125
1112.5	0.5715038452148438	0.5715038452148438
1117.5	0.5662328491210937	0.5662328491210937
1122.5	0.5608604736328126	0.5608604736328126
1127.5	0.555410888671875	0.555410888671875
1132.5	0.5499089965820313	0.5499089965820313
1137.5	0.544486328125	0.544486328125
1142.5	0.5391783447265625	0.5391783447265625
1147.5	0.5338445434570313	0.5338445434570313
1152.5	0.528298828125	0.528298828125
1157.5	0.5227540893554687	0.5227540893554687
1162.5	0.5173157348632812	0.5173157348632812
1167.5	0.5118987731933594	0.5118987731933594
1172.5	0.5063183898925782	0.5063183898925782
1177.5	0.5010455017089843	0.5010455017089843
1182.5	0.4960171813964844	0.4960171813964844
1187.5	0.49138214111328127	0.49138214111328127
1192.5	0.4869593200683594	0.4869593200683594
1197.5	0.4827508239746094	0.4827508239746094
1202.5	0.47891873168945315	0.47891873168945315
1207.5	0.4753012390136719	0.4753012390136719
1212.5	0.47174835205078125	0.47174835205078125
1217.5	0.4681626586914063	0.4681626586914063
1222.5	0.46448944091796873	0.46448944091796873
1227.5	0.46071286010742185	0.46071286010742185
1232.5	0.4567685546875	0.4567685546875
1237.5	0.4527298583984375	0.4527298583984375
1242.5	0.44854949951171874	0.44854949951171874
1247.5	0.4441963195800781	0.4441963195800781
1252.5	0.4396268615722656	0.4396268615722656
1257.5	0.4351595458984375	0.4351595458984375
1262.5	0.4308182373046875	0.4308182373046875
1267.5	0.42657785034179685	0.42657785034179685
1272.5	0.42254110717773435	0.42254110717773435
1277.5	0.41878140258789065	0.41878140258789065
1282.5	0.41537515258789065	0.41537515258789065
1287.5	0.41238275146484377	0.41238275146484377
1292.5	0.4093213806152344	0.4093213806152344
1297.5	0.40625332641601564	0.40625332641601564
1302.5	0.40311956787109376	0.40311956787109376
1307.5	0.39993441772460936	0.39993441772460936
1312.5	0.3967602844238281	0.3967602844238281
1317.5	0.39360015869140624	0.39360015869140624
1322.5	0.390458984375	0.390458984375
1327.5	0.38730859375	0.38730859375
1332.5	0.3842052612304688	0.3842052612304688
1337.5	0.38108038330078126	0.38108038330078126
1342.5	0.37788327026367186	0.37788327026367186
1347.5	0.37455972290039063	0.37455972290039063
1352.5	0.3713054504394531	0.3713054504394531
1357.5	0.3680326232910156	0.3680326232910156
1362.5	0.3648186950683594	0.3648186950683594
1367.5	0.3617975158691406	0.3617975158691406
1372.5	0.35880050659179685	0.35880050659179685
1377.5	0.35577413940429686	0.35577413940429686
1382.5	0.3528236083984375	0.3528236083984375
1387.5	0.3497826232910156	0.3497826232910156
1392.5	0.34665206909179686	0.34665206909179686
1397.5	0.34342578125	0.34342578125
1402.5	0.34017941284179687	0.34017941284179687
1407.5	0.33694705200195313	0.33694705200195313
1412.5	0.33377447509765623	0.33377447509765623
1417.5	0.3306794738769531	0.3306794738769531
1422.5	0.3276238098144531	0.3276238098144531
1427.5	0.3246642761230469	0.3246642761230469
1432.5	0.3218634033203125	0.3218634033203125
1437.5	0.31914511108398436	0.31914511108398436
1442.5	0.31656570434570314	0.31656570434570314
1447.5	0.31410171508789064	0.31410171508789064
1452.5	0.31162539672851564	0.31162539672851564
1457.5	0.30903411865234376	0.30903411865234376
1462.5	0.30647991943359376	0.30647991943359376
1467.5	0.30379470825195315	0.30379470825195315
1472.5	0.30083743286132814	0.30083743286132814
1477.5	0.2977937927246094	0.2977937927246094
1482.5	0.29505859375	0.29505859375
1487.5	0.29242657470703126	0.29242657470703126
1492.5	0.29006658935546875	0.29006658935546875
1497.5	0.28791400146484375	0.28791400146484375
1502.5	0.28613436889648436	0.28613436889648436
1507.5	0.28456735229492186	0.28456735229492186
1512.5	0.282966796875	0.282966796875
1517.5	0.2813139038085937	0.2813139038085937
1522.5	0.27954486083984376	0.27954486083984376
1527.5	0.27755538940429686	0.27755538940429686
1532.5	0.27516900634765623	0.27516900634765623
1537.5	0.2726533203125	0.2726533203125
1542.5	0.26985736083984374	0.26985736083984374
1547.5	0.26671771240234377	0.26671771240234377
1552.5	0.2635063171386719	0.2635063171386719
1557.5	0.2601073913574219	0.2601073913574219
1562.5	0.25680477905273436	0.25680477905273436
1567.5	0.2538350677490234	0.2538350677490234
1572.5	0.2512090301513672	0.2512090301513672
1577.5	0.24905291748046876	0.24905291748046876
1582.5	0.24709698486328124	0.24709698486328124
1587.5	0.2453873291015625	0.2453873291015625
1592.5	0.24394346618652343	0.24394346618652343
1597.5	0.24262242126464845	0.24262242126464845